0 22.0000 21.5882 7.7713 0 
600 22.0000 21.2000 8.9787 0 
1200 22.0000 0 8.9333 0 
1800 22.0000 0 9.1633 0 
2400 22.0000 0 8.3207 18.0000 
3000 22.0000 0 8.4818 0 
3600 22.0000 0 8.3382 0 
4200 22.0000 0 9.6690 6.0000 
4800 22.0000 0 8.9209 0 
5400 22.0000 0 8.4281 0 
6000 22.0000 0 8.1729 9.0000 
6600 22.0000 0 8.7134 8.0000 
7200 22.0000 0 9.1345 0 
7800 22.0000 0 8.1253 0 
8400 22.0000 0 8.5359 0 
9000 22.0000 22.0000 8.3369 0 
9600 22.0000 20.0000 8.1351 0 
10200 22.0000 0 8.7249 12.5000 
10800 22.0000 0 8.1922 8.6667 
11400 22.0000 0 8.1721 5.0000 
12000 22.0000 0 8.7630 0 
12600 22.0000 21.3333 8.7161 13.0000 
13200 22.0000 20.0000 8.4268 10.0000 
13700 22.0000 0 8.3611 7.6667 
13800 22.0000 21.0000 8.5025 0 
14400 22.0000 22.0000 8.0868 10.0000 
15000 22.0000 21.0000 8.3512 8.5000 
15300 22.0000 21.0000 8.6659 0 
15600 22.0000 0 8.3113 11.0000 
16200 22.0000 21.3333 8.3374 5.6667 
16800 22.0000 22.0000 8.4029 4.0000 
17400 22.0000 21.6667 8.3630 12.0000 
18000 22.0000 21.0000 8.6043 7.5000 
18600 22.0000 21.0000 8.3211 0 
19200 22.0000 0 7.8475 11.0000 
19800 22.0000 21.6000 8.7531 14.3333 
20000 22.0000 22.0000 8.8803 8.0000 
20200 22.0000 0 8.5617 11.2727 
20400 22.0000 22.0000 8.2936 8.2667 
20600 22.0000 0 9.1335 10.2500 
20800 22.0000 22.0000 8.8161 10.0000 
21000 22.0000 22.0000 8.5016 12.1111 
21200 22.0000 21.3333 9.2694 14.6667 
21400 22.0000 0 9.2817 12.6667 
21600 22.0000 22.0000 8.9007 11.0000 
21800 22.0000 0 8.9631 13.2222 
22000 22.0000 0 9.4227 13.5000 
22200 22.0000 0 8.8647 12.8000 
22400 22.0000 22.0000 8.7217 14.2500 
22600 22.0000 21.8000 9.5687 18.0000 
22800 22.0000 21.6667 8.9880 14.7500 
23000 22.0000 21.5000 8.8423 11.0000 
23200 22.0000 0 8.9363 7.7500 
23400 22.0000 0 9.5013 12.4444 
23600 22.0000 22.0000 9.3264 8.2500 
23800 22.0000 0 9.1532 14.8750 
24000 22.0000 21.2500 8.8587 10.6429 
24200 22.0000 21.1667 9.0833 10.8750 
24400 22.0000 21.0000 9.1684 12.5000 
24600 22.0000 21.4615 8.5599 8.7500 
24800 22.0000 22.0000 9.3551 8.0000 
25000 22.0000 21.0000 9.0277 13.4167 
25200 22.0000 21.5556 8.9100 11.6250 
25400 22.0000 0 9.1513 16.5000 
25600 22.0000 0 8.9093 6.0000 
25800 22.0000 22.0000 8.9738 12.3333 
26000 22.0000 0 8.8790 13.2500 
26200 22.0000 21.6667 9.7471 18.0000 
26400 22.0000 21.4286 8.7158 11.2500 
26600 22.0000 0 9.3187 14.0000 
26800 22.0000 21.6667 9.4627 11.6667 
27000 22.0000 21.6000 9.0457 10.2667 
27200 22.0000 21.6667 8.8332 13.3333 
27400 22.0000 21.0000 9.0019 15.2857 
27600 22.0000 21.0000 8.8423 11.1000 
27800 22.0000 21.6667 8.6950 12.8333 
28000 22.0000 21.0000 8.8359 10.2000 
28200 22.0000 22.0000 8.9116 9.2500 
28400 22.0000 22.0000 8.5965 8.3333 
28600 22.0000 22.0000 9.0887 8.2500 
28800 22.0000 21.3333 8.2085 7.5000 
29000 22.0000 22.0000 8.8994 11.0000 
29200 22.0000 0 8.7418 0 
29400 22.0000 0 8.9321 11.6667 
29600 22.0000 21.0000 8.8922 10.2857 
29800 22.0000 22.0000 8.5531 17.0000 
30000 22.0000 21.7143 9.2377 10.7143 
30200 22.0000 22.0000 8.7511 9.4000 
30400 22.0000 0 9.2595 13.0000 
30600 22.0000 21.3333 8.6772 1.0000 
30800 22.0000 22.0000 8.9758 6.0000 
31000 22.0000 0 8.9435 10.5000 
31200 22.0000 0 8.9765 11.3000 
31400 22.0000 22.0000 9.3481 11.0000 
31600 22.0000 21.5000 8.7557 13.0000 
31800 22.0000 22.0000 8.4421 5.8333 
32000 22.0000 22.0000 8.3075 10.0000 
32200 22.0000 20.8182 8.9633 7.2500 
32400 22.0000 21.5833 9.0242 5.2500 
32600 22.0000 22.0000 8.6910 10.3000 
32800 22.0000 22.0000 8.6468 8.0000 
33000 22.0000 20.6000 8.9593 12.0000 
33200 22.0000 0 8.9760 8.0000 
33400 22.0000 22.0000 8.2303 10.6667 
33600 22.0000 22.0000 8.5979 8.0000 
33800 22.0000 21.5789 8.8487 12.4615 
34000 22.0000 21.1667 8.6274 13.5000 
34200 22.0000 21.6000 8.6143 7.5882 
34400 22.0000 21.5000 8.9203 13.5000 
34600 22.0000 0 8.3747 8.3636 
34800 22.0000 21.2273 9.2385 8.2000 
35000 22.0000 21.0870 8.9789 11.8750 
35200 22.0000 21.7500 8.5778 5.0000 
35400 22.0000 21.7500 8.6344 13.9091 
35600 22.0000 21.4286 8.2491 8.1667 
35800 22.0000 21.0000 8.8750 10.5000 
36000 22.0000 21.5000 8.6434 7.9167 
36200 22.0000 22.0000 8.8801 12.0000 
36400 22.0000 21.3333 8.3908 5.0000 
36600 22.0000 21.0000 8.8560 10.2857 
36800 22.0000 21.5000 8.6178 12.7143 
37000 22.0000 21.0000 8.1599 10.3750 
37200 22.0000 21.6667 8.2601 7.5714 
37400 22.0000 21.3333 8.0307 10.0909 
37600 22.0000 21.8000 8.7019 8.0833 
37800 22.0000 21.5000 8.3964 9.9375 
38000 22.0000 22.0000 8.8935 11.6667 
38100 22.0000 22.0000 8.5272 10.2857 
38200 22.0000 21.5000 8.7319 9.7778 
38400 22.0000 21.6667 8.7393 9.2857 
38600 22.0000 21.5000 8.6444 9.0000 
38800 22.0000 21.6667 8.8419 11.1111 
39000 22.0000 22.0000 8.7687 14.0000 
39200 22.0000 21.0000 8.6969 6.0000 
39400 22.0000 0 8.8192 15.0000 
39600 22.0000 21.0000 8.5726 7.8333 
39800 22.0000 22.0000 8.8301 15.5000 
40000 22.0000 21.6667 8.2609 9.0000 
40200 22.0000 21.8571 8.5248 11.6250 
40400 22.0000 20.5000 8.9910 11.1667 
40600 22.0000 21.3333 8.8443 5.2000 
40800 22.0000 22.0000 8.8223 6.5000 
41000 22.0000 0 8.6619 8.6667 
41200 22.0000 22.0000 8.4798 4.0000 
41400 22.0000 21.6667 8.6551 12.6250 
41600 22.0000 21.6923 8.2945 9.8571 
41800 22.0000 22.0000 8.7212 13.0000 
42000 22.0000 0 9.1901 7.1429 
42200 22.0000 22.0000 9.0035 10.2500 
42400 22.0000 21.6667 9.0758 9.6667 
42600 22.0000 21.0000 9.0300 14.1250 
42800 22.0000 0 9.0000 15.2500 
43000 22.0000 21.7143 9.2055 15.4286 
43200 22.0000 21.5000 8.9375 9.0000 
43400 22.0000 21.2000 8.7512 12.9091 
43600 22.0000 21.3333 8.8530 9.6923 
43800 22.0000 22.0000 8.5028 8.6364 
43900 22.0000 21.0000 8.9053 8.7500 
44000 22.0000 0 8.8723 10.3750 
44200 22.0000 21.0000 8.2273 7.7500 
44400 22.0000 21.0000 8.5336 8.5833 
44600 22.0000 21.7500 8.7172 10.8750 
44800 22.0000 0 8.8210 7.4167 
45000 22.0000 20.0000 8.5857 11.6250 
45200 22.0000 21.5714 8.3136 11.4286 
45400 22.0000 22.0000 8.7115 10.2000 
45600 22.0000 21.4667 8.6061 8.6667 
45800 22.0000 22.0000 8.4302 10.1429 
46000 22.0000 21.6667 8.3333 8.5000 
46200 22.0000 21.5000 8.7936 9.7143 
46400 22.0000 22.0000 8.2758 11.0000 
46600 22.0000 21.0000 8.4912 12.1667 
46800 22.0000 21.6667 8.8865 10.5000 
47000 22.0000 21.5000 8.8897 8.5455 
47200 22.0000 21.5000 8.1307 9.0714 
47400 22.0000 21.0000 8.2371 10.2353 
47600 22.0000 21.5000 8.8066 11.5000 
47800 22.0000 0 8.6822 8.7143 
48000 22.0000 21.5000 8.2089 10.1200 
48200 22.0000 22.0000 8.3847 11.7500 
48400 22.0000 22.0000 8.4385 10.8333 
48600 22.0000 21.3333 8.8940 8.5556 
48800 22.0000 21.0000 8.4587 5.7500 
49000 22.0000 22.0000 8.2642 4.5000 
49200 22.0000 21.0000 8.4447 9.6250 
49400 22.0000 0 8.3585 10.0000 
49600 22.0000 21.6667 8.5815 10.5000 
49800 22.0000 21.0000 8.3649 8.1250 
50000 22.0000 21.7500 8.5325 10.6250 
50200 22.0000 21.5000 8.3088 9.5556 
50400 22.0000 21.7500 8.8213 11.2500 
50600 22.0000 21.5714 8.0950 9.0000 
50800 22.0000 21.2857 7.9464 11.0000 
51000 22.0000 21.0000 8.1477 10.8182 
51200 22.0000 21.0000 8.5635 7.2222 
51400 22.0000 21.7500 8.1863 8.3750 
51600 22.0000 0 8.0897 11.6154 
51800 22.0000 0 7.9306 14.2222 
52000 22.0000 0 9.4769 9.1250 
52200 22.0000 22.0000 9.1502 15.2500 
52400 22.0000 0 8.9044 12.2500 
52600 22.0000 0 8.7722 13.0000 
52800 22.0000 0 8.6672 10.1429 
53000 22.0000 22.0000 8.5545 13.3333 
53200 22.0000 22.0000 9.0126 13.9167 
53400 22.0000 21.8000 9.0962 13.2222 
53600 22.0000 0 8.6065 11.8333 
53800 22.0000 21.0000 8.9405 13.0000 
54000 22.0000 21.0000 8.5981 11.7500 
54200 22.0000 21.3333 8.4890 9.0000 
54400 22.0000 0 8.3345 9.3750 
54600 22.0000 22.0000 8.5575 12.0833 
54800 22.0000 0 8.1610 12.4444 
55000 22.0000 0 8.4856 9.3333 
55200 22.0000 22.0000 8.9339 11.8000 
55400 22.0000 0 9.0144 7.2500 
55600 22.0000 0 8.8855 11.5000 
55800 22.0000 21.4000 8.0589 8.1000 
56000 22.0000 22.0000 8.3606 12.0000 
56200 22.0000 21.0000 8.4403 10.8333 
56400 22.0000 22.0000 8.6965 10.0526 
56600 22.0000 0 8.8048 12.0909 
56800 22.0000 22.0000 8.1894 12.5882 
57000 22.0000 21.0000 8.2869 9.5833 
57200 22.0000 22.0000 8.5969 10.2222 
57400 22.0000 21.6667 8.4735 11.4500 
57600 22.0000 0 8.8343 11.6667 
