0 22.0000 21.7938 5.7667 9.3750 
200 22.0000 20.6098 4.6119 8.0000 
400 22.0000 20.9535 4.9419 9.5000 
600 22.0000 21.2414 4.3462 9.6250 
800 22.0000 21.1667 4.2955 9.0000 
1000 22.0000 0 4.2829 6.0000 
1200 22.0000 0 4.9170 15.6250 
1400 22.0000 0 5.4630 11.3333 
1600 22.0000 0 4.7339 10.0000 
1800 22.0000 0 5.0092 8.3500 
2000 22.0000 0 4.5896 8.0000 
2200 22.0000 0 5.4028 7.0000 
2400 22.0000 0 4.9935 9.5000 
2600 22.0000 0 4.2500 10.8000 
2800 22.0000 0 4.0213 7.6000 
3000 22.0000 0 4.9331 8.5385 
3200 22.0000 0 4.7059 10.2500 
3400 22.0000 0 5.2742 11.0000 
3600 22.0000 0 5.2342 8.3750 
3800 22.0000 0 5.0063 13.6000 
4000 22.0000 0 5.1720 10.4000 
4200 22.0000 0 4.9787 6.8182 
4400 22.0000 0 4.9437 9.8000 
4600 22.0000 0 5.2011 9.6667 
4800 22.0000 0 4.9239 11.9412 
5000 22.0000 0 5.0543 11.0909 
5200 22.0000 0 5.7961 10.0000 
5400 22.0000 0 5.4051 10.9375 
5600 22.0000 0 5.4524 9.2000 
5800 22.0000 0 5.7739 6.2000 
6000 22.0000 0 5.5714 8.1250 
6200 22.0000 0 6.1055 9.3333 
6400 22.0000 0 5.2377 13.6667 
6600 22.0000 0 5.2863 10.4286 
6800 22.0000 0 5.7846 12.6000 
7000 22.0000 0 5.6054 7.0000 
7200 22.0000 0 6.0907 9.2500 
7400 22.0000 0 6.1324 9.1600 
7600 22.0000 0 5.5821 8.1176 
7800 22.0000 0 6.3517 8.3421 
8000 22.0000 0 5.7650 9.1538 
8200 22.0000 0 5.4557 10.3636 
8400 22.0000 0 5.7196 11.0417 
8600 22.0000 0 5.6212 8.9375 
8800 22.0000 0 5.8675 8.3077 
9000 22.0000 0 6.8717 9.4222 
9200 22.0000 0 7.4047 7.7500 
9400 22.0000 21.0000 6.6791 9.2917 
9600 22.0000 20.6538 8.0210 10.6211 
9800 22.0000 21.3333 7.1003 9.6667 
10000 22.0000 21.4000 6.7628 10.4516 
10200 22.0000 22.0000 6.5832 9.3636 
10400 22.0000 21.4000 6.4576 8.1707 
10600 22.0000 0 7.0920 9.0536 
10800 22.0000 21.0000 7.3851 9.1061 
11000 22.0000 22.0000 6.9020 8.2692 
11200 22.0000 0 6.7966 11.7500 
11400 22.0000 22.0000 6.7715 9.6438 
11600 22.0000 21.4444 7.4872 9.4474 
11800 22.0000 21.5000 7.7365 8.7105 
12000 22.0000 20.8333 6.3286 6.7593 
12200 22.0000 21.4000 6.6789 5.6377 
12400 22.0000 21.6667 7.1433 6.5286 
12600 22.0000 21.1481 7.0050 9.1505 
12800 22.0000 21.5000 7.0627 8.6364 
13000 22.0000 22.0000 6.5706 9.6750 
13200 22.0000 22.0000 7.0732 9.3429 
13400 22.0000 0 7.1233 9.0870 
13600 22.0000 21.6667 7.4823 8.7647 
13700 22.0000 0 6.7328 8.6458 
13800 22.0000 21.5333 7.2469 8.7727 
14000 22.0000 21.5455 6.4942 8.6757 
14200 22.0000 21.2500 7.0714 9.6935 
14400 22.0000 0 6.8764 8.2680 
14600 22.0000 22.0000 7.3501 8.5918 
14800 22.0000 21.6667 8.2729 10.7719 
15000 22.0000 21.6286 7.7112 10.3455 
15200 22.0000 21.5000 8.4554 10.1170 
15300 22.0000 21.5625 8.6657 6.2027 
15400 22.0000 21.7778 8.1259 10.2206 
15600 22.0000 21.5385 8.2542 7.2053 
15800 22.0000 21.2857 7.7567 9.7222 
16000 22.0000 21.4444 8.4093 8.1067 
16200 22.0000 21.6552 7.5992 11.0635 
16400 22.0000 21.5000 9.0745 12.4396 
16600 22.0000 21.6000 7.8734 9.0441 
16800 22.0000 21.5000 8.0104 8.7581 
17000 22.0000 21.3333 8.9571 11.6939 
17200 22.0000 21.5833 7.9390 9.1545 
17400 22.0000 21.3889 7.9136 9.2917 
17600 22.0000 21.7500 8.3725 9.2300 
17800 22.0000 21.6250 8.2302 7.9375 
18000 22.0000 21.6667 8.3125 6.6626 
18200 22.0000 22.0000 8.1432 8.0220 
18400 22.0000 21.6000 8.5688 10.0000 
18600 22.0000 21.4639 9.1411 8.6970 
18800 22.0000 21.0870 9.9314 9.6224 
19000 22.0000 21.5417 9.6631 8.7590 
19200 22.0000 22.0000 8.1994 9.3750 
19400 22.0000 21.5000 7.6295 7.5806 
19600 22.0000 21.5000 8.8645 7.5942 
19800 22.0000 21.4390 8.8539 7.7477 
20000 22.0000 22.0000 8.6542 8.3017 
20200 22.0000 22.0000 8.7916 12.5000 
20400 22.0000 21.6000 8.8842 11.3447 
20600 22.0000 21.6667 10.0510 9.0026 
20800 22.0000 22.0000 8.9199 8.8509 
21000 22.0000 22.0000 10.2153 11.4540 
21200 22.0000 21.8333 10.2529 11.3842 
21400 22.0000 22.0000 10.1478 10.4671 
21600 22.0000 21.5000 9.9515 10.3212 
21800 22.0000 0 9.0706 9.4692 
22000 22.0000 21.7500 10.8495 10.9205 
22200 22.0000 0 9.4335 9.4230 
22400 22.0000 21.3889 10.4831 11.2921 
22600 22.0000 21.6600 10.3792 10.9036 
22800 22.0000 21.7115 10.2002 10.7046 
23000 22.0000 21.4706 9.5232 10.3239 
23200 22.0000 22.0000 9.7145 10.5565 
23400 22.0000 0 8.6254 8.6667 
23600 22.0000 21.0000 10.2545 9.6149 
23800 22.0000 0 9.7500 9.4615 
24000 22.0000 21.5000 9.9167 10.3946 
24200 22.0000 21.5556 11.0056 11.6536 
24400 22.0000 22.0000 9.7533 10.9643 
24600 22.0000 21.8409 10.1094 11.2194 
24800 22.0000 21.8333 9.6654 9.8440 
25000 22.0000 21.8889 9.7333 10.7781 
25200 22.0000 21.7778 10.0661 11.4968 
25400 22.0000 22.0000 11.1544 12.0118 
25600 22.0000 22.0000 10.2988 11.4257 
25800 22.0000 0 9.7870 11.1815 
26000 22.0000 0 8.5605 9.0174 
26200 22.0000 21.8333 10.7006 10.6157 
26400 22.0000 21.8462 10.2482 11.1783 
26600 22.0000 21.8125 9.7052 10.0621 
26800 22.0000 21.7097 10.7353 10.4265 
27000 22.0000 21.8000 10.9979 12.3640 
27200 22.0000 21.7333 8.5261 11.1053 
27400 22.0000 21.8750 10.9735 11.4663 
27600 22.0000 21.6923 9.8217 10.4005 
27800 22.0000 21.6842 10.1442 9.7778 
28000 22.0000 21.7200 10.2848 10.6802 
28200 22.0000 21.5000 11.2402 11.6180 
28400 22.0000 21.0000 9.5957 11.1824 
28600 22.0000 21.5714 10.2584 11.0378 
28800 22.0000 21.4848 9.3255 9.3739 
29000 22.0000 0 10.9079 12.1286 
29200 22.0000 21.0000 9.1349 10.2698 
29400 22.0000 21.0000 9.9448 10.2752 
29600 22.0000 0 10.1637 10.7838 
29800 22.0000 21.8333 9.7871 9.4706 
30000 22.0000 22.0000 8.9221 8.1409 
30200 22.0000 21.4000 10.5045 11.0857 
30400 22.0000 22.0000 10.2225 10.0686 
30600 22.0000 21.9091 9.4611 10.4477 
30800 22.0000 21.7500 10.0376 12.5261 
31000 22.0000 21.7500 10.3957 11.0819 
31200 22.0000 0 9.6617 10.5086 
31400 22.0000 21.6429 10.2910 11.0444 
31600 22.0000 21.5455 10.0733 13.9972 
31800 22.0000 21.9231 8.3681 9.0225 
32000 22.0000 22.0000 8.8095 13.0166 
32200 22.0000 21.3721 10.0053 13.7778 
32400 22.0000 21.5152 11.1738 14.5478 
32600 22.0000 21.7500 10.5085 13.6905 
32800 22.0000 21.4444 9.7323 12.3470 
33000 22.0000 21.5238 9.0012 12.9144 
33200 22.0000 21.6667 9.1720 13.5275 
33400 22.0000 21.5000 9.8450 12.8033 
33600 22.0000 22.0000 9.9071 14.1182 
33800 22.0000 21.4528 10.6879 13.9702 
34000 22.0000 21.3488 9.5046 12.1009 
34200 22.0000 21.6000 9.5540 11.5498 
34400 22.0000 21.8571 10.9223 14.3196 
34600 22.0000 21.7059 9.5728 13.9179 
34800 22.0000 21.4375 9.9941 14.8608 
35000 22.0000 21.2917 10.8966 13.8665 
35200 22.0000 21.6389 9.8130 10.5167 
35400 22.0000 21.3684 9.6011 11.2352 
35600 22.0000 21.5385 10.4657 13.9461 
35800 22.0000 21.9000 9.5622 9.0239 
36000 22.0000 21.3158 10.2239 13.9451 
36200 22.0000 21.6429 11.4452 13.1644 
36400 22.0000 21.5625 9.6389 10.5294 
36600 22.0000 21.6154 9.9759 13.1180 
36800 22.0000 21.7500 9.9859 12.6574 
37000 22.0000 21.6111 10.1033 13.2088 
37200 22.0000 21.7273 9.5111 10.8386 
37400 22.0000 21.4375 9.2915 10.8735 
37600 22.0000 21.4878 9.7377 13.1677 
37800 22.0000 21.4444 9.8955 11.3223 
38000 22.0000 22.0000 10.4373 14.4972 
38100 22.0000 22.0000 9.0875 13.3627 
38200 22.0000 21.7419 10.3655 13.8203 
38400 22.0000 21.7857 10.1636 13.6084 
38600 22.0000 22.0000 8.5945 12.1599 
38800 22.0000 21.3158 10.3765 13.7036 
39000 22.0000 21.7857 9.4968 12.7766 
39200 22.0000 21.7500 9.1813 12.8011 
39400 22.0000 21.0000 10.0128 13.6593 
39600 22.0000 21.6923 10.2974 14.1119 
39800 22.0000 21.7500 10.1795 13.8052 
40000 22.0000 21.8095 9.8220 13.4331 
40200 22.0000 21.6383 10.4314 13.5473 
40400 22.0000 21.5600 10.3543 13.7787 
40600 22.0000 21.6364 10.2346 14.1970 
40800 22.0000 22.0000 9.8191 13.4338 
41000 22.0000 22.0000 10.3912 13.7829 
41200 22.0000 21.6957 9.6314 13.1912 
41400 22.0000 21.7241 10.1225 12.7050 
41600 22.0000 21.8000 9.3542 10.1398 
41800 22.0000 21.8125 9.6253 9.8606 
42000 22.0000 22.0000 9.6894 9.6749 
42200 22.0000 21.7381 10.2186 9.6317 
42400 22.0000 21.7647 10.3201 13.5492 
42600 22.0000 21.6667 10.3999 14.7797 
42800 22.0000 21.7857 9.0178 12.8028 
43000 22.0000 21.7353 10.2873 13.0102 
43200 22.0000 21.5714 9.6742 10.3701 
43400 22.0000 21.6053 10.3034 13.4942 
43600 22.0000 21.6364 10.1962 13.5440 
43800 22.0000 21.8750 10.1463 12.7242 
43900 22.0000 21.6667 10.9412 13.7339 
44000 22.0000 21.7500 10.1652 14.4942 
44200 22.0000 21.5000 9.5191 12.8041 
44400 22.0000 21.8000 9.7048 12.9664 
44600 22.0000 21.4000 10.5652 13.6463 
44800 22.0000 22.0000 10.4774 13.8256 
45000 22.0000 0 10.6685 11.5164 
45200 22.0000 21.7500 9.6849 11.0177 
45400 22.0000 21.6000 9.6044 10.0937 
45600 22.0000 21.5161 9.8891 12.4954 
45800 22.0000 21.5484 9.5873 10.8550 
46000 22.0000 21.7222 9.8624 10.9573 
46200 22.0000 21.4000 9.3049 9.6953 
46400 22.0000 21.6667 9.9776 13.3504 
46600 22.0000 22.0000 9.9850 14.4368 
46800 22.0000 21.5000 10.4751 14.2448 
47000 22.0000 21.4286 9.9033 11.0576 
47200 22.0000 21.8333 9.2701 10.6382 
47400 22.0000 21.6667 9.9307 11.1571 
47600 22.0000 22.0000 9.9536 11.4988 
47800 22.0000 21.0000 10.5102 13.4194 
48000 22.0000 21.5714 9.9236 12.6615 
48200 22.0000 21.5000 9.2835 12.3324 
48400 22.0000 21.7857 9.4441 11.0164 
48600 22.0000 21.8333 9.7889 13.1685 
48800 22.0000 21.9333 10.5017 13.2621 
49000 22.0000 21.9091 9.0862 11.4072 
49200 22.0000 21.7778 9.7131 12.2667 
49400 22.0000 21.6667 10.6930 13.9653 
49600 22.0000 21.0000 10.8355 12.4167 
49800 22.0000 21.5556 9.1896 9.8287 
50000 22.0000 21.6667 8.8912 12.2486 
50200 22.0000 21.7917 9.3621 12.9467 
50400 22.0000 21.6667 8.5782 14.0134 
50600 22.0000 21.7576 9.6988 12.9859 
50800 22.0000 21.2000 9.8935 13.7260 
51000 22.0000 21.7419 10.0509 12.9242 
51200 22.0000 21.7500 10.6287 13.8875 
51400 22.0000 21.7059 10.0062 13.6706 
51600 22.0000 21.5455 11.1274 13.4566 
51800 22.0000 22.0000 10.9554 14.4190 
52000 22.0000 21.4000 11.0474 14.4401 
52200 22.0000 21.6667 9.9100 13.7107 
52400 22.0000 22.0000 9.9819 13.9359 
52600 22.0000 22.0000 10.5716 13.5964 
52800 22.0000 22.0000 10.8409 13.5891 
53000 22.0000 21.6667 10.1818 14.1491 
53200 22.0000 21.0000 11.2360 15.0970 
53400 22.0000 21.7500 10.3198 13.9665 
53600 22.0000 21.5263 9.8816 13.0994 
53800 22.0000 21.6364 10.3135 12.1686 
54000 22.0000 21.2778 10.0688 13.4754 
54200 22.0000 21.4444 10.1707 13.3535 
54400 22.0000 21.6000 9.7032 13.4145 
54600 22.0000 21.6000 10.0150 13.4056 
54800 22.0000 0 9.5515 12.9323 
55000 22.0000 22.0000 9.8054 13.3646 
55200 22.0000 21.7500 10.3350 13.8719 
55400 22.0000 21.5000 9.9348 11.7290 
55600 22.0000 21.5000 9.8472 11.6862 
55800 22.0000 21.6522 9.3161 11.9591 
56000 22.0000 22.0000 9.9271 12.5000 
56200 22.0000 0 9.3632 11.9058 
56400 22.0000 22.0000 10.5506 12.9030 
56600 22.0000 22.0000 9.9629 12.9718 
56800 22.0000 21.5000 10.8568 13.4384 
57000 22.0000 22.0000 9.8453 12.6475 
57200 22.0000 22.0000 10.1304 12.4231 
57400 22.0000 21.7143 10.6506 13.4385 
57600 22.0000 21.8462 10.4517 12.2280 
