0 0.2286 0.4062 0.2432 0.0980 0.4028 0.1205 0.1720 0.0872 0.0692 0.0336 0.0000 0.0345 0.0920
200 0.1628 0.0563 0.1646 0.0500 0.0635 0.1266 0.1343 0.0333 0.0580 0.0423 0.0000 0.0111 0.0294
400 0.1667 0.0779 0.1667 0.0769 0.0750 0.1081 0.1867 0.0494 0.1190 0.0515 0.0508 0.0448 0.0000
600 0.2160 0.0327 0.1879 0.0839 0.0301 0.1791 0.2822 0.1164 0.0828 0.0545 0.0343 0.0629 0.0500
800 0.1975 0.0303 0.2069 0.1728 0.0896 0.0674 0.1944 0.0435 0.0741 0.0448 0.0132 0.0370 0.0361
1000 0.3636 0.0476 0.2927 0.0746 0.1209 0.2326 0.2692 0.1029 0.1765 0.0440 0.0455 0.1447 0.0606
1200 0.1857 0.0604 0.2139 0.1000 0.0485 0.1575 0.2516 0.0979 0.0470 0.0461 0.0710 0.1190 0.1387
1400 0.1884 0.0658 0.1413 0.0952 0.0899 0.1831 0.2603 0.0548 0.0805 0.0506 0.1327 0.0968 0.0441
1600 0.1644 0.0602 0.1310 0.0787 0.0678 0.1235 0.2750 0.1194 0.1884 0.1084 0.0814 0.1282 0.0294
1800 0.2515 0.0797 0.1145 0.0977 0.0248 0.1973 0.2143 0.0989 0.0813 0.0397 0.1324 0.1192 0.1012
2000 0.2237 0.0500 0.1392 0.1098 0.2375 0.2090 0.2683 0.0137 0.1216 0.0986 0.1528 0.1154 0.1279
2200 0.2533 0.0685 0.1471 0.0864 0.1059 0.2000 0.2468 0.1667 0.1429 0.0541 0.1875 0.1538 0.0704
2400 0.2238 0.0577 0.1772 0.1104 0.2577 0.1600 0.2349 0.1164 0.1103 0.0513 0.1617 0.2839 0.1481
2600 0.1220 0.0575 0.1778 0.1163 0.2500 0.1176 0.2597 0.1026 0.1146 0.0649 0.1163 0.1159 0.0426
2800 0.1772 0.0517 0.1299 0.1974 0.0875 0.2317 0.2921 0.0988 0.1842 0.0357 0.1806 0.1370 0.1233
3000 0.2230 0.0310 0.2047 0.1379 0.0821 0.2069 0.2570 0.0839 0.2029 0.1176 0.1195 0.2000 0.1554
3200 0.2073 0.0580 0.1548 0.1571 0.0909 0.2697 0.2857 0.1571 0.1889 0.0462 0.0735 0.0750 0.0506
3400 0.1687 0.0571 0.1831 0.0822 0.0556 0.1515 0.2877 0.1064 0.1011 0.1159 0.1013 0.1786 0.1299
3600 0.1846 0.0822 0.1801 0.1986 0.1159 0.1892 0.2454 0.1446 0.1313 0.0403 0.2013 0.2158 0.1782
3800 0.1143 0.0667 0.2444 0.1250 0.1639 0.0800 0.2976 0.1481 0.1928 0.0800 0.2206 0.2195 0.1639
4000 0.2125 0.0462 0.1429 0.1892 0.0667 0.1231 0.3117 0.2083 0.1354 0.1047 0.2024 0.1605 0.1912
4200 0.2153 0.0813 0.3418 0.1549 0.0755 0.1515 0.3293 0.1216 0.2157 0.1218 0.1192 0.1481 0.1111
4400 0.1013 0.1013 0.2043 0.2143 0.0889 0.1857 0.2759 0.1549 0.1579 0.1111 0.1250 0.0746 0.1558
4600 0.2273 0.2540 0.2143 0.2769 0.1711 0.1566 0.3625 0.1084 0.1648 0.0986 0.1205 0.1529 0.2286
4800 0.1768 0.3608 0.2270 0.1342 0.2838 0.1688 0.3647 0.1264 0.1579 0.0704 0.0537 0.1258 0.1419
5000 0.1111 0.3699 0.2676 0.1395 0.2800 0.1084 0.4026 0.2500 0.1954 0.0405 0.1351 0.1053 0.1324
5200 0.2237 0.2985 0.3875 0.1613 0.2841 0.2099 0.2603 0.2048 0.2571 0.0571 0.1412 0.1667 0.1774
5400 0.1448 0.2657 0.1733 0.1989 0.2515 0.1242 0.3060 0.2293 0.1582 0.1133 0.1812 0.3179 0.2263
5600 0.1519 0.2025 0.1566 0.2135 0.2597 0.1786 0.3571 0.2105 0.1831 0.1566 0.2432 0.2239 0.2941
5800 0.1449 0.2651 0.1585 0.2368 0.2090 0.0581 0.3049 0.1429 0.1733 0.1486 0.1446 0.3875 0.2740
6000 0.1503 0.3154 0.1824 0.1553 0.3179 0.1234 0.2980 0.2174 0.2222 0.1208 0.3394 0.3618 0.2977
6200 0.0787 0.3182 0.1538 0.1358 0.2840 0.1429 0.3051 0.1282 0.1899 0.0964 0.3457 0.3239 0.2951
6400 0.0921 0.3671 0.0968 0.1765 0.3012 0.1299 0.3690 0.3000 0.2027 0.1333 0.2278 0.3030 0.2805
6600 0.1887 0.3067 0.1802 0.2121 0.2953 0.1418 0.3924 0.2051 0.1761 0.1133 0.2803 0.3588 0.2805
6800 0.1364 0.1882 0.1486 0.1848 0.4045 0.0986 0.2857 0.1642 0.1600 0.0875 0.2388 0.3651 0.2000
7000 0.0759 0.1286 0.2237 0.1702 0.2840 0.0571 0.2840 0.2000 0.1375 0.1375 0.2500 0.2712 0.3243
7200 0.1646 0.2414 0.1456 0.2013 0.3057 0.1800 0.4323 0.2886 0.1776 0.1765 0.3500 0.2739 0.3407
7400 0.2209 0.3385 0.1538 0.1299 0.3111 0.2346 0.3662 0.2466 0.2267 0.1053 0.3902 0.2667 0.2000
7600 0.2286 0.1739 0.1375 0.1304 0.2892 0.1176 0.3896 0.2319 0.2394 0.1622 0.3038 0.2267 0.2105
7800 0.1467 0.3815 0.1931 0.1562 0.3396 0.1987 0.4586 0.3313 0.1655 0.1975 0.4522 0.3937 0.3592
8000 0.2436 0.2024 0.1772 0.1447 0.2576 0.2535 0.4828 0.2105 0.1724 0.1579 0.3462 0.3333 0.2192
8200 0.2692 0.1765 0.2329 0.2125 0.2759 0.2143 0.3913 0.3158 0.1905 0.1077 0.2542 0.2432 0.2875
8400 0.1905 0.2215 0.2222 0.1986 0.2134 0.1939 0.3687 0.2276 0.1606 0.1854 0.1905 0.2041 0.1709
8600 0.2198 0.2500 0.2537 0.2576 0.3038 0.2326 0.4691 0.3088 0.2791 0.1250 0.2400 0.3875 0.3014
8800 0.2133 0.2250 0.2838 0.2184 0.3000 0.2048 0.3816 0.2436 0.1757 0.1781 0.2877 0.3662 0.3372
9000 0.2288 0.3050 0.2245 0.1565 0.3478 0.2148 0.4110 0.3293 0.2276 0.3294 0.3897 0.3457 0.2593
9200 0.1591 0.2639 0.2429 0.4725 0.3596 0.3295 0.5211 0.3281 0.2763 0.2308 0.3913 0.2639 0.3412
9400 0.2949 0.2609 0.2143 0.2676 0.2603 0.1356 0.4627 0.3103 0.2436 0.1687 0.4211 0.3816 0.3556
9600 0.3050 0.4255 0.2899 0.4936 0.3438 0.2763 0.5519 0.3503 0.3101 0.2781 0.4485 0.3000 0.2925
9800 0.3485 0.4800 0.3514 0.3974 0.4384 0.1957 0.4815 0.2644 0.2439 0.1507 0.4118 0.3735 0.3824
10000 0.3553 0.3036 0.2419 0.3766 0.5111 0.2581 0.5281 0.3448 0.1765 0.3659 0.3571 0.2857 0.2553
10200 0.3176 0.4211 0.2925 0.3871 0.3879 0.2625 0.4688 0.2200 0.1657 0.2517 0.4103 0.3030 0.2152
10400 0.2152 0.4737 0.3000 0.3429 0.4933 0.3457 0.5000 0.3951 0.2805 0.3026 0.4789 0.4321 0.2714
10600 0.4028 0.4118 0.3409 0.3780 0.4177 0.4262 0.5352 0.3026 0.3034 0.3514 0.4875 0.3793 0.4110
10800 0.2593 0.3356 0.2687 0.4909 0.3625 0.3464 0.5252 0.4295 0.2246 0.3207 0.4724 0.3916 0.4570
11000 0.2468 0.2771 0.3023 0.4306 0.2344 0.3797 0.3662 0.2973 0.2658 0.3444 0.3951 0.3625 0.2656
11200 0.2976 0.2857 0.3059 0.2771 0.2000 0.2000 0.3918 0.4058 0.2500 0.2836 0.5570 0.4167 0.3099
11400 0.4353 0.1524 0.4317 0.3113 0.2986 0.3716 0.4229 0.3032 0.2434 0.2407 0.4503 0.3377 0.2536
11600 0.1806 0.2895 0.2159 0.3590 0.4286 0.2338 0.4051 0.4074 0.2530 0.4429 0.5500 0.3929 0.4203
11800 0.5357 0.2941 0.3023 0.2360 0.2879 0.4405 0.4559 0.4342 0.2750 0.4384 0.5060 0.3218 0.3690
12000 0.5098 0.3782 0.3354 0.1971 0.3107 0.4583 0.4561 0.3379 0.3636 0.3721 0.5762 0.2395 0.2828
12200 0.6765 0.5205 0.2911 0.3095 0.4026 0.4810 0.5395 0.4250 0.2614 0.1875 0.4848 0.2778 0.3718
12400 0.6429 0.4483 0.3788 0.2651 0.4815 0.3026 0.4444 0.3924 0.3563 0.3485 0.6053 0.3210 0.4868
12600 0.3290 0.4286 0.3581 0.1688 0.3650 0.2128 0.4429 0.3725 0.4207 0.2857 0.4340 0.3779 0.3221
12800 0.3824 0.4286 0.3472 0.3165 0.3750 0.4474 0.3784 0.4211 0.3291 0.1687 0.5132 0.3553 0.4868
13000 0.3000 0.4487 0.3250 0.2059 0.4444 0.3472 0.4524 0.3333 0.3649 0.3103 0.5694 0.4638 0.3750
13200 0.4491 0.3694 0.3478 0.2065 0.5245 0.3636 0.5033 0.4150 0.3419 0.3590 0.4636 0.4014 0.3012
13400 0.3704 0.3976 0.3973 0.2879 0.5375 0.4659 0.5890 0.3293 0.3478 0.3421 0.6029 0.4304 0.3537
13600 0.5326 0.4675 0.2462 0.2373 0.5222 0.3974 0.4405 0.3735 0.4684 0.3611 0.5844 0.4658 0.4507
13700 0.5119 0.3736 0.4253 0.2024 0.4941 0.2698 0.3152 0.3864 0.3750 0.3191 0.4533 0.3258 0.4713
13800 0.5696 0.4250 0.3862 0.1813 0.4910 0.3613 0.4762 0.3831 0.4500 0.4436 0.5621 0.4562 0.4128
14000 0.2766 0.3175 0.2973 0.2051 0.3478 0.4865 0.4382 0.4805 0.3333 0.3478 0.5000 0.4805 0.4474
14200 0.5584 0.3788 0.4500 0.3714 0.4321 0.5200 0.4943 0.4268 0.3704 0.3158 0.4382 0.3623 0.3881
14400 0.4798 0.3133 0.3433 0.3290 0.4162 0.5099 0.5106 0.4899 0.3973 0.2924 0.4557 0.3397 0.3287
14600 0.3939 0.4648 0.3158 0.4103 0.4286 0.2857 0.4400 0.3514 0.3803 0.3544 0.6456 0.2500 0.2778
14800 0.4091 0.3636 0.4430 0.6667 0.3929 0.6176 0.7229 0.5200 0.2987 0.5165 0.4625 0.3846 0.4416
15000 0.4146 0.3484 0.3800 0.6474 0.4172 0.5643 0.5389 0.5000 0.3522 0.3456 0.5549 0.4390 0.3636
15200 0.4706 0.4516 0.5128 0.6986 0.4507 0.6061 0.6026 0.3939 0.4359 0.5732 0.5500 0.4138 0.3511
15300 0.5862 0.3614 0.4430 0.5765 0.2500 0.4429 0.5676 0.3625 0.2344 0.4699 0.4444 0.3158 0.3667
15400 0.3108 0.3625 0.5000 0.6400 0.4203 0.6667 0.6235 0.5395 0.4533 0.5294 0.7027 0.4805 0.3378
15600 0.6452 0.2791 0.4444 0.5855 0.3490 0.6087 0.5933 0.4695 0.3702 0.3901 0.4593 0.3924 0.4276
15800 0.4933 0.3882 0.4691 0.5263 0.1493 0.4627 0.6118 0.4737 0.3780 0.3415 0.3710 0.4416 0.4118
16000 0.5165 0.4667 0.4133 0.5904 0.3704 0.5647 0.5522 0.4844 0.3718 0.3516 0.5584 0.4156 0.3380
16200 0.3919 0.3151 0.4675 0.5571 0.5229 0.4720 0.5286 0.4765 0.3495 0.4423 0.5867 0.4853 0.4365
16400 0.4568 0.3974 0.4231 0.6441 0.3671 0.4881 0.6782 0.5584 0.3875 0.4348 0.6709 0.5325 0.5694
16600 0.5352 0.2740 0.4400 0.4713 0.4225 0.4559 0.6092 0.5119 0.3065 0.3034 0.5250 0.4684 0.4459
16800 0.5513 0.3665 0.4268 0.4940 0.4155 0.5033 0.5488 0.4625 0.3212 0.4231 0.5232 0.3684 0.3889
17000 0.4143 0.4189 0.5541 0.8415 0.5161 0.5067 0.8763 0.6173 0.5522 0.6000 0.6667 0.6049 0.6322
17200 0.6806 0.3947 0.5385 0.6296 0.4111 0.5732 0.6901 0.5821 0.5000 0.3881 0.5256 0.5068 0.3735
17400 0.6145 0.4275 0.4921 0.6220 0.3776 0.5671 0.7091 0.4915 0.3875 0.4161 0.5658 0.5098 0.5191
17600 0.6700 0.3942 0.4634 0.5714 0.5638 0.5225 0.5882 0.4592 0.3372 0.6591 0.7083 0.5138 0.4273
17800 0.5775 0.3412 0.4432 0.4493 0.2388 0.6154 0.6196 0.5641 0.3182 0.5116 0.4684 0.5000 0.4359
18000 0.6936 0.3899 0.4172 0.4699 0.3007 0.4715 0.4741 0.4662 0.3836 0.4038 0.5641 0.3636 0.3253
18200 0.6163 0.3235 0.4416 0.5556 0.3864 0.5532 0.5890 0.6447 0.3971 0.3418 0.6024 0.6575 0.5000
18400 0.5976 0.4493 0.4066 0.5747 0.5000 0.6463 0.6329 0.5152 0.4133 0.3924 0.5696 0.4571 0.4658
18600 0.6624 0.4562 0.5062 0.4658 0.5070 0.6345 0.6034 0.5263 0.5150 0.6447 0.7448 0.6533 0.6165
18800 0.6607 0.3750 0.5422 0.5765 0.4333 0.6145 0.5541 0.5556 0.4557 0.4783 0.4625 0.4267 0.4583
19000 0.5714 0.4030 0.3784 0.4795 0.4024 0.6377 0.4051 0.5287 0.4133 0.4270 0.5316 0.3846 0.3590
19200 0.5034 0.2562 0.3861 0.5224 0.2616 0.5828 0.6107 0.4718 0.2952 0.3082 0.5385 0.4094 0.4340
19400 0.6098 0.3472 0.5079 0.4146 0.2222 0.5488 0.5604 0.5934 0.4133 0.3594 0.6296 0.4306 0.4932
19600 0.5244 0.1839 0.4878 0.4375 0.2911 0.5625 0.4865 0.4688 0.3951 0.2529 0.4459 0.3382 0.3710
19800 0.6167 0.3000 0.4369 0.6111 0.2331 0.5450 0.5375 0.3941 0.3198 0.3125 0.3878 0.4065 0.3556
20000 0.5799 0.1985 0.4296 0.5075 0.1596 0.5197 0.4842 0.4216 0.3103 0.2246 0.3922 0.4106 0.2945
20200 0.5559 0.4141 0.4927 0.6561 0.3846 0.5111 0.5928 0.5122 0.3381 0.4520 0.5506 0.4723 0.4014
20400 0.5459 0.5014 0.4622 0.6335 0.4613 0.5333 0.6384 0.4786 0.4282 0.4841 0.6427 0.4925 0.4899
20600 0.6475 0.3127 0.3019 0.5179 0.3433 0.5263 0.5228 0.4981 0.3893 0.4310 0.6282 0.4473 0.5000
20800 0.7045 0.3532 0.5574 0.5851 0.3422 0.4940 0.5488 0.5426 0.4545 0.2667 0.4423 0.4221 0.4000
21000 0.7474 0.4131 0.6208 0.6381 0.4505 0.6467 0.5899 0.6384 0.6026 0.5294 0.7179 0.5362 0.4110
21200 0.6748 0.4646 0.5907 0.6769 0.4489 0.6466 0.6134 0.6383 0.6485 0.6504 0.7520 0.6494 0.6000
21400 0.6133 0.3778 0.4779 0.4636 0.3143 0.4389 0.5430 0.5435 0.5326 0.5213 0.6397 0.4957 0.4538
21600 0.7093 0.3608 0.5421 0.5017 0.3717 0.5724 0.5818 0.5964 0.5960 0.5783 0.7025 0.5791 0.5961
21800 0.6735 0.2946 0.4939 0.4955 0.3009 0.4732 0.6049 0.4770 0.5991 0.5423 0.5198 0.5086 0.4147
22000 0.6084 0.3276 0.4710 0.5837 0.3909 0.5444 0.4843 0.4615 0.5455 0.6038 0.6455 0.4976 0.5156
22200 0.5785 0.3746 0.4451 0.5695 0.4049 0.4739 0.5294 0.4951 0.3844 0.4309 0.6503 0.4686 0.4188
22400 0.8274 0.4661 0.6706 0.7374 0.4715 0.5438 0.6907 0.6231 0.5617 0.4741 0.7033 0.6019 0.5789
22600 0.5947 0.5197 0.5060 0.5622 0.4595 0.4978 0.4876 0.4789 0.5019 0.5635 0.5000 0.4928 0.4615
22800 0.5980 0.5172 0.4852 0.5512 0.4945 0.5035 0.5769 0.4752 0.5123 0.6442 0.7177 0.5775 0.5259
23000 0.5654 0.3868 0.4903 0.6198 0.4765 0.4662 0.5245 0.4810 0.4969 0.5298 0.6118 0.5312 0.5047
23200 0.6728 0.3061 0.4936 0.5708 0.2983 0.4431 0.4890 0.4693 0.3891 0.3581 0.5234 0.5307 0.4809
23400 0.6351 0.2978 0.4500 0.4543 0.2668 0.4518 0.4348 0.4375 0.3824 0.2038 0.3727 0.3609 0.4508
23600 0.7137 0.3840 0.4299 0.3812 0.3934 0.4076 0.3921 0.4660 0.4637 0.4878 0.5948 0.5177 0.5374
23800 0.6602 0.3102 0.5169 0.5072 0.4356 0.4840 0.4059 0.4358 0.4511 0.5417 0.4880 0.4250 0.3542
24000 0.7398 0.4643 0.5138 0.5472 0.4537 0.5469 0.5955 0.5749 0.5552 0.5466 0.6279 0.5760 0.4860
24200 0.7685 0.4690 0.5960 0.6256 0.5023 0.5537 0.5085 0.5097 0.5021 0.5118 0.5541 0.4583 0.4703
24400 0.7470 0.2724 0.4416 0.5000 0.2638 0.4565 0.5285 0.4653 0.4074 0.3318 0.5488 0.4455 0.4163
24600 0.8179 0.4343 0.6709 0.6424 0.4772 0.5242 0.5596 0.5455 0.4256 0.3959 0.6461 0.5052 0.5217
24800 0.7188 0.3733 0.4885 0.5684 0.3103 0.5099 0.5451 0.5730 0.3745 0.3636 0.5862 0.5860 0.5104
25000 0.7948 0.4632 0.5714 0.5721 0.5116 0.5318 0.5417 0.4454 0.4643 0.4152 0.5063 0.4587 0.4421
25200 0.7406 0.4589 0.5902 0.6290 0.4948 0.5229 0.5380 0.5994 0.4969 0.4929 0.5217 0.5000 0.5465
25400 0.8208 0.3850 0.5575 0.6286 0.4412 0.5568 0.5955 0.6114 0.5169 0.5294 0.5515 0.5029 0.4678
25600 0.8067 0.3819 0.5706 0.5207 0.3791 0.5233 0.6352 0.5901 0.3793 0.2789 0.3881 0.4810 0.5310
25800 0.7345 0.3049 0.4956 0.3730 0.3319 0.6239 0.5928 0.5420 0.4174 0.3374 0.4856 0.5775 0.4589
26000 0.8169 0.4196 0.4277 0.3586 0.3584 0.4076 0.4444 0.4379 0.4936 0.3014 0.3403 0.3885 0.2911
26200 0.8266 0.4545 0.4710 0.5879 0.5000 0.4641 0.6154 0.5143 0.3929 0.5000 0.5685 0.4931 0.5959
26400 0.8243 0.5174 0.6828 0.6273 0.5044 0.6571 0.7040 0.5494 0.5349 0.3750 0.5870 0.5130 0.5560
26600 0.6741 0.4969 0.4907 0.5232 0.5071 0.5655 0.4636 0.4620 0.4520 0.5529 0.5405 0.3537 0.3831
26800 0.7457 0.4589 0.5397 0.6368 0.5185 0.5415 0.6725 0.6218 0.4958 0.5462 0.6296 0.5609 0.5519
27000 0.8290 0.5741 0.6706 0.6193 0.4941 0.5773 0.6559 0.6130 0.4514 0.3501 0.5654 0.6383 0.5485
27200 0.8423 0.4059 0.6348 0.4779 0.5411 0.4807 0.5417 0.4324 0.4133 0.1852 0.4018 0.5491 0.4523
27400 0.8622 0.4518 0.6438 0.5899 0.5067 0.6295 0.6614 0.6279 0.5463 0.4405 0.6150 0.5524 0.6346
27600 0.7932 0.4275 0.5123 0.5925 0.4721 0.5962 0.6049 0.5541 0.5131 0.4854 0.5732 0.5483 0.4459
27800 0.8112 0.4847 0.5812 0.5561 0.4329 0.5701 0.6929 0.6168 0.4609 0.5435 0.7724 0.6698 0.6434
28000 0.8263 0.5106 0.5771 0.5600 0.4382 0.5963 0.4954 0.4978 0.4378 0.5153 0.5612 0.5367 0.5348
28200 0.8702 0.5492 0.7288 0.5566 0.5521 0.5929 0.6811 0.6633 0.5080 0.5503 0.6761 0.6076 0.6098
28400 0.7551 0.6025 0.6574 0.5944 0.5156 0.5479 0.6199 0.6595 0.5227 0.3923 0.4698 0.4800 0.4623
28600 0.7619 0.4955 0.5939 0.5357 0.5366 0.5537 0.6534 0.6184 0.4768 0.5677 0.7167 0.6932 0.6000
28800 0.6868 0.5704 0.4596 0.5902 0.5358 0.4491 0.5455 0.5987 0.3966 0.5608 0.7179 0.5445 0.5000
29000 0.7939 0.5592 0.5779 0.5513 0.4151 0.5471 0.6250 0.5931 0.5000 0.6864 0.6733 0.5570 0.6352
29200 0.6560 0.3026 0.4217 0.3704 0.4706 0.3512 0.5212 0.5399 0.4852 0.3786 0.5753 0.4675 0.4026
29400 0.6803 0.2291 0.4716 0.5389 0.3665 0.4682 0.5353 0.5339 0.3805 0.3056 0.4678 0.4625 0.4753
29600 0.7172 0.2593 0.5602 0.6250 0.2587 0.5960 0.5364 0.5612 0.4161 0.3161 0.4615 0.5319 0.4345
29800 0.8353 0.3355 0.5705 0.5849 0.3310 0.5660 0.6287 0.5522 0.4551 0.3800 0.6101 0.5752 0.4733
30000 0.6089 0.2247 0.3778 0.3456 0.2551 0.3875 0.4902 0.5166 0.3495 0.2271 0.4072 0.4733 0.4676
30200 0.7417 0.2692 0.4545 0.4387 0.3196 0.3846 0.5576 0.5204 0.3464 0.3695 0.5768 0.6179 0.5960
30400 0.7424 0.4186 0.5296 0.3971 0.3686 0.5458 0.5839 0.5959 0.5365 0.4515 0.6296 0.5552 0.5411
30600 0.7709 0.4124 0.5382 0.4676 0.4373 0.5239 0.5647 0.5512 0.4771 0.3718 0.7395 0.6139 0.6111
30800 0.7378 0.5787 0.6360 0.4844 0.4978 0.6696 0.6494 0.6618 0.5450 0.5119 0.7237 0.6519 0.6520
31000 0.8750 0.4317 0.6234 0.5405 0.4259 0.6187 0.7397 0.6087 0.5299 0.5495 0.7619 0.7069 0.6560
31200 0.8620 0.3038 0.6391 0.3766 0.3596 0.6892 0.5050 0.4673 0.5286 0.4548 0.6348 0.4698 0.4605
31400 0.8845 0.3217 0.5595 0.6667 0.3725 0.5314 0.6892 0.6561 0.4510 0.5579 0.6923 0.6232 0.6009
31600 0.7354 0.4008 0.6339 0.6265 0.3774 0.7953 0.7626 0.6444 0.5721 0.6498 0.7078 0.6735 0.7607
31800 0.7594 0.3072 0.5485 0.5045 0.3833 0.5000 0.5036 0.5916 0.4038 0.5331 0.6361 0.5062 0.5081
32000 0.7039 0.3534 0.5911 0.5813 0.3767 0.7156 0.6230 0.6070 0.5000 0.4261 0.5593 0.5973 0.5826
32200 0.5984 0.4159 0.5238 0.5426 0.4505 0.4706 0.6169 0.6036 0.3267 0.4477 0.6708 0.6323 0.6449
32400 0.6655 0.5604 0.5975 0.6828 0.4314 0.5667 0.7588 0.6451 0.4985 0.6505 0.7807 0.7862 0.7321
32600 0.5446 0.5918 0.6026 0.7066 0.5286 0.6507 0.6735 0.6491 0.4470 0.5043 0.7067 0.6019 0.6654
32800 0.8170 0.5830 0.7371 0.6508 0.5444 0.7316 0.6429 0.6609 0.4950 0.5111 0.7906 0.7397 0.6581
33000 0.7342 0.4146 0.5938 0.5000 0.5053 0.6352 0.5524 0.5150 0.4460 0.4045 0.4861 0.4488 0.4104
33200 0.7030 0.3302 0.6403 0.5385 0.3456 0.7340 0.6222 0.6078 0.4425 0.4664 0.5740 0.6356 0.6018
33400 0.6559 0.4058 0.6007 0.5725 0.3346 0.6360 0.6752 0.6466 0.4655 0.4265 0.7482 0.6615 0.6805
33600 0.6426 0.3839 0.5502 0.5527 0.2734 0.5590 0.6678 0.5960 0.4184 0.3187 0.6377 0.6873 0.6945
33800 0.8230 0.5863 0.7455 0.6816 0.5258 0.8090 0.7733 0.7535 0.6512 0.6653 0.7271 0.7241 0.7670
34000 0.8238 0.4979 0.7136 0.5877 0.5176 0.8075 0.6621 0.6054 0.5676 0.4957 0.5492 0.5703 0.5749
34200 0.6834 0.4679 0.5657 0.5776 0.4291 0.5503 0.6348 0.6283 0.4351 0.3585 0.5502 0.5781 0.5600
34400 0.6680 0.5502 0.5905 0.6050 0.4650 0.5768 0.6588 0.6490 0.4631 0.5938 0.7107 0.5864 0.7051
34600 0.6842 0.4259 0.5914 0.5430 0.4181 0.6070 0.5350 0.5796 0.3621 0.3728 0.4914 0.5826 0.5217
34800 0.7354 0.3876 0.6013 0.5150 0.4432 0.4891 0.5426 0.4723 0.4251 0.3953 0.5988 0.5576 0.4897
35000 0.7919 0.5391 0.6419 0.5415 0.4977 0.7000 0.6475 0.6435 0.4866 0.5223 0.6129 0.6360 0.5982
35200 0.7921 0.3881 0.5894 0.4570 0.3319 0.5487 0.4550 0.5519 0.4747 0.4612 0.5830 0.5044 0.4515
35400 0.8929 0.3833 0.7018 0.6312 0.3564 0.6221 0.5916 0.5608 0.4416 0.4128 0.5932 0.5458 0.4916
35600 0.7630 0.5723 0.6667 0.5724 0.5679 0.5775 0.6533 0.6971 0.4790 0.6728 0.7086 0.7205 0.7161
35800 0.7718 0.4038 0.6144 0.4601 0.3797 0.4789 0.4507 0.5066 0.5621 0.4845 0.6306 0.5039 0.3550
36000 0.6809 0.5079 0.6494 0.5097 0.4784 0.7069 0.6562 0.6333 0.4372 0.5911 0.5683 0.5953 0.5438
36200 0.7763 0.6139 0.6929 0.5641 0.6828 0.6690 0.6805 0.6458 0.6127 0.5975 0.7925 0.6815 0.6897
36400 0.6944 0.4451 0.5352 0.5677 0.4512 0.5860 0.6190 0.5813 0.5756 0.5347 0.6818 0.5548 0.4903
36600 0.6570 0.4792 0.5734 0.5000 0.5333 0.5352 0.6318 0.6456 0.4066 0.4601 0.6681 0.6835 0.6857
36800 0.7204 0.5274 0.6707 0.5628 0.6176 0.6584 0.5833 0.5307 0.4854 0.5966 0.7137 0.4545 0.4110
37000 0.7890 0.6942 0.6226 0.6682 0.6473 0.6009 0.7118 0.7288 0.5541 0.6535 0.6087 0.6313 0.5928
37200 0.8306 0.5646 0.7464 0.5728 0.5159 0.6568 0.6535 0.6568 0.6159 0.5667 0.6787 0.6294 0.5566
37400 0.9192 0.6744 0.7304 0.6957 0.6652 0.7617 0.6858 0.7074 0.6916 0.6299 0.7022 0.6749 0.6409
37600 0.6434 0.5897 0.5942 0.4730 0.5576 0.6054 0.6114 0.5726 0.4900 0.6346 0.7217 0.7315 0.6327
37800 0.8650 0.6195 0.6056 0.6418 0.5658 0.7733 0.6645 0.6786 0.5629 0.6667 0.7083 0.7347 0.7249
38000 0.7313 0.5936 0.6983 0.7059 0.4258 0.7114 0.6908 0.6800 0.5785 0.6500 0.6696 0.6481 0.6235
38100 0.8235 0.5904 0.6753 0.5429 0.6176 0.7600 0.5811 0.6282 0.3590 0.5476 0.6974 0.5823 0.6627
38200 0.7373 0.5991 0.6386 0.5766 0.5325 0.7213 0.6345 0.6447 0.5462 0.6170 0.6946 0.6571 0.5570
38400 0.6275 0.5651 0.6164 0.5621 0.5510 0.6438 0.6542 0.5114 0.5403 0.5000 0.5980 0.4880 0.4834
38600 0.7020 0.5636 0.6373 0.5193 0.6550 0.5388 0.5455 0.4959 0.5654 0.5658 0.4703 0.3695 0.4077
38800 0.6929 0.5378 0.6101 0.6459 0.5566 0.5485 0.6683 0.6721 0.5283 0.5958 0.5778 0.6125 0.5152
39000 0.6807 0.4708 0.5168 0.5398 0.6205 0.5472 0.6513 0.6167 0.5648 0.4300 0.5189 0.5984 0.5433
39200 0.6149 0.4140 0.5437 0.5564 0.5179 0.4733 0.4970 0.5183 0.5203 0.3624 0.6159 0.5570 0.5192
39400 0.6352 0.4485 0.6118 0.4348 0.4753 0.5294 0.5766 0.4943 0.4805 0.4151 0.5629 0.5986 0.5141
39600 0.8286 0.5551 0.6742 0.5600 0.6144 0.6527 0.6743 0.6262 0.6913 0.6784 0.7802 0.6725 0.6653
39800 0.7218 0.5068 0.7400 0.4902 0.4969 0.5833 0.6159 0.5549 0.5060 0.6259 0.6515 0.6609 0.6051
40000 0.7439 0.5923 0.6872 0.6091 0.7021 0.6353 0.6784 0.6818 0.6278 0.7507 0.7831 0.7131 0.6728
40200 0.7607 0.6729 0.7146 0.6046 0.6667 0.6821 0.7051 0.7126 0.6828 0.6943 0.7293 0.6616 0.6725
40400 0.7301 0.4639 0.6526 0.4409 0.4253 0.6250 0.5691 0.5250 0.6532 0.6092 0.6199 0.4983 0.4472
40600 0.7939 0.5556 0.7061 0.5197 0.5248 0.7097 0.6286 0.5878 0.6381 0.5614 0.6667 0.5630 0.4760
40800 0.7736 0.5926 0.6546 0.4178 0.5976 0.6378 0.5165 0.4506 0.6265 0.5905 0.7139 0.6291 0.4788
41000 0.7833 0.6036 0.6946 0.5588 0.6089 0.6533 0.6172 0.6553 0.6133 0.5312 0.4957 0.5864 0.5408
41200 0.8403 0.6578 0.6974 0.5470 0.6759 0.6667 0.6966 0.5830 0.6256 0.5395 0.6696 0.6511 0.6140
41400 0.7748 0.6070 0.7560 0.4880 0.6815 0.6838 0.5816 0.5848 0.6049 0.5222 0.6254 0.5762 0.4800
41600 0.8322 0.5765 0.6519 0.5180 0.6678 0.6093 0.5682 0.5260 0.3772 0.2255 0.4183 0.6078 0.5266
41800 0.8294 0.5214 0.6711 0.5927 0.4640 0.6125 0.6400 0.5731 0.4721 0.4070 0.5267 0.6154 0.5841
42000 0.6632 0.3712 0.4026 0.4073 0.3468 0.4571 0.5094 0.4697 0.3875 0.3424 0.6194 0.6066 0.5802
42200 0.7667 0.4708 0.6504 0.4805 0.5347 0.6463 0.5947 0.5134 0.4178 0.4260 0.5920 0.6114 0.4979
42400 0.7321 0.4837 0.6577 0.5833 0.3874 0.7886 0.6696 0.5123 0.5372 0.4612 0.5462 0.5744 0.5972
42600 0.6893 0.4381 0.6091 0.5387 0.5714 0.6426 0.6525 0.5441 0.4483 0.4968 0.6221 0.5952 0.5500
42800 0.7910 0.4537 0.6386 0.4020 0.5709 0.6099 0.5149 0.5442 0.6199 0.5869 0.7749 0.5610 0.5149
43000 0.7102 0.3595 0.6926 0.6016 0.3983 0.5903 0.6895 0.6434 0.4741 0.3883 0.5833 0.6245 0.5682
43200 0.8656 0.4247 0.7500 0.5335 0.4187 0.6882 0.4864 0.5049 0.5804 0.5509 0.5676 0.5050 0.4384
43400 0.7517 0.4651 0.7250 0.6858 0.4164 0.6477 0.6720 0.5993 0.5714 0.4361 0.6429 0.6472 0.6275
43600 0.7990 0.5409 0.7054 0.6296 0.5047 0.6638 0.6481 0.5855 0.6098 0.5022 0.6864 0.6217 0.5527
43800 0.7462 0.5227 0.6794 0.5742 0.4985 0.6632 0.6361 0.5947 0.5000 0.4448 0.6242 0.5281 0.5513
43900 0.7536 0.4531 0.6988 0.6731 0.4868 0.7640 0.7326 0.7051 0.5600 0.6081 0.7101 0.7742 0.6420
44000 0.7040 0.4486 0.6920 0.5354 0.5000 0.7407 0.6568 0.6769 0.5733 0.5472 0.6372 0.7191 0.7197
44200 0.7773 0.4252 0.6148 0.6567 0.4578 0.5764 0.6325 0.5758 0.5587 0.2670 0.4346 0.4957 0.4874
44400 0.7200 0.4834 0.5899 0.5335 0.4742 0.6417 0.5317 0.6467 0.5934 0.4807 0.6172 0.5866 0.5544
44600 0.7589 0.5111 0.7156 0.6744 0.5897 0.7555 0.6413 0.6798 0.6089 0.6886 0.7042 0.7174 0.6525
44800 0.6667 0.4153 0.6377 0.6296 0.5080 0.6831 0.6829 0.6595 0.5503 0.6029 0.7532 0.6676 0.6234
45000 0.7853 0.4620 0.6414 0.5253 0.4328 0.7176 0.5993 0.6440 0.6722 0.7151 0.8163 0.6246 0.6333
45200 0.7984 0.4180 0.6696 0.4890 0.4585 0.6290 0.5773 0.5787 0.6744 0.6606 0.7119 0.6587 0.5638
45400 0.8717 0.5311 0.7118 0.5368 0.6565 0.5911 0.5885 0.5650 0.6520 0.5378 0.7349 0.6810 0.6168
45600 0.8010 0.4502 0.7488 0.6667 0.5022 0.6213 0.6627 0.6869 0.4847 0.4625 0.7303 0.7191 0.6053
45800 0.8430 0.4359 0.7551 0.6264 0.4586 0.7230 0.6544 0.7188 0.7718 0.5854 0.5359 0.6690 0.6331
46000 0.9080 0.4867 0.8242 0.6291 0.4390 0.7438 0.7254 0.7742 0.6968 0.6184 0.7917 0.7365 0.7219
46200 0.7848 0.3669 0.5992 0.4858 0.4183 0.6695 0.5530 0.5674 0.5727 0.5766 0.7395 0.5732 0.5227
46400 0.7485 0.4967 0.6946 0.5972 0.5096 0.6863 0.6867 0.6985 0.6221 0.6515 0.7937 0.6481 0.6358
46600 0.6746 0.4706 0.6452 0.5756 0.5033 0.6279 0.6708 0.6164 0.4276 0.5033 0.5855 0.5866 0.6493
46800 0.7199 0.5107 0.6784 0.4969 0.5513 0.6823 0.6088 0.6686 0.5818 0.5615 0.7072 0.6483 0.6334
47000 0.8577 0.3739 0.7014 0.5160 0.4506 0.7097 0.6426 0.6471 0.6552 0.5862 0.6372 0.6349 0.6528
47200 0.8435 0.4685 0.7281 0.6216 0.4635 0.7336 0.5826 0.6405 0.6565 0.6787 0.7510 0.5617 0.5600
47400 0.9113 0.5443 0.8212 0.6597 0.5684 0.7552 0.6325 0.6706 0.6544 0.6449 0.7162 0.7158 0.6231
47600 0.8566 0.4425 0.6977 0.4163 0.4541 0.6339 0.5841 0.6063 0.5855 0.6452 0.6761 0.6935 0.6810
47800 0.6485 0.4937 0.6193 0.4537 0.4708 0.5802 0.5463 0.5504 0.5114 0.5374 0.6816 0.6092 0.5991
48000 0.8586 0.5320 0.8039 0.7658 0.5988 0.7189 0.7426 0.7170 0.6569 0.5801 0.6634 0.6480 0.6828
48200 0.7602 0.3836 0.7168 0.5739 0.4886 0.7172 0.6522 0.6725 0.6096 0.5130 0.7115 0.6042 0.6765
48400 0.8488 0.3410 0.6171 0.4700 0.4378 0.6697 0.6379 0.6825 0.6515 0.6125 0.7099 0.6473 0.6752
48600 0.6898 0.3312 0.6028 0.5415 0.3333 0.6624 0.6610 0.6393 0.5475 0.4817 0.6197 0.6478 0.6444
48800 0.7487 0.4050 0.6897 0.4938 0.5140 0.6065 0.6059 0.6504 0.5855 0.5286 0.6462 0.7306 0.6667
49000 0.7847 0.4344 0.7000 0.5787 0.4775 0.7324 0.5169 0.5357 0.5779 0.5312 0.6732 0.5886 0.5789
49200 0.6740 0.4429 0.6651 0.5373 0.3707 0.6303 0.6270 0.5870 0.5268 0.4204 0.4449 0.5550 0.5650
49400 0.6813 0.3397 0.6522 0.6234 0.3576 0.6784 0.7583 0.7107 0.6182 0.5385 0.7633 0.7537 0.7552
49600 0.8466 0.4490 0.6941 0.6839 0.4776 0.7254 0.7365 0.7664 0.5860 0.7202 0.7484 0.8103 0.7260
49800 0.8240 0.3277 0.6255 0.4876 0.4430 0.6048 0.5845 0.5683 0.5921 0.4541 0.5864 0.5247 0.4706
50000 0.5949 0.2678 0.6173 0.6222 0.4126 0.6478 0.6073 0.5795 0.5697 0.4078 0.5157 0.5510 0.5030
50200 0.7426 0.3657 0.7382 0.6305 0.4646 0.7000 0.6042 0.6318 0.5461 0.4786 0.5493 0.5869 0.5603
50400 0.6444 0.3439 0.6648 0.6182 0.3045 0.7036 0.6278 0.5372 0.6460 0.4006 0.5562 0.5202 0.4706
50600 0.7897 0.5592 0.7607 0.7741 0.6844 0.8053 0.7663 0.7538 0.7122 0.7283 0.7621 0.6604 0.6705
50800 0.8076 0.5843 0.6693 0.6364 0.5620 0.8545 0.7464 0.7396 0.6848 0.6437 0.6537 0.6680 0.6448
51000 0.6993 0.5933 0.6725 0.6760 0.6103 0.7818 0.6584 0.7134 0.6389 0.6736 0.8198 0.7048 0.5993
51200 0.7343 0.5535 0.7056 0.6802 0.6026 0.7902 0.6667 0.6889 0.5810 0.6104 0.6641 0.6498 0.6083
51400 0.7867 0.5467 0.7778 0.6940 0.6082 0.7500 0.7562 0.7181 0.6336 0.6379 0.7391 0.6230 0.6476
51600 0.8113 0.5737 0.7374 0.6875 0.5973 0.6614 0.7677 0.7508 0.7133 0.6947 0.7715 0.7235 0.6699
51800 0.7424 0.5964 0.7040 0.7040 0.5263 0.6227 0.7322 0.7064 0.5913 0.6423 0.4897 0.6311 0.6587
52000 0.6274 0.3649 0.6527 0.5852 0.4596 0.5204 0.5234 0.5612 0.5603 0.7106 0.7468 0.5432 0.5157
52200 0.7258 0.3425 0.6928 0.5048 0.4056 0.6113 0.5065 0.5277 0.5188 0.4220 0.5241 0.4969 0.3900
52400 0.7524 0.4229 0.7040 0.5399 0.3664 0.6543 0.5857 0.5639 0.5458 0.4833 0.6143 0.5844 0.5507
52600 0.7695 0.4821 0.6681 0.5219 0.4338 0.5721 0.6364 0.6301 0.6726 0.5342 0.7563 0.7490 0.7243
52800 0.8367 0.5810 0.7461 0.5563 0.5706 0.6422 0.6308 0.5746 0.6254 0.5931 0.6755 0.6738 0.6124
53000 0.7178 0.5610 0.7190 0.5614 0.6073 0.6683 0.5627 0.5598 0.5312 0.6746 0.6680 0.5697 0.5212
53200 0.7581 0.4779 0.7798 0.6357 0.5057 0.6767 0.6590 0.5720 0.5532 0.5959 0.6245 0.5804 0.5841
53400 0.6840 0.4516 0.7019 0.6329 0.4801 0.6677 0.5377 0.5665 0.5053 0.4829 0.6332 0.5240 0.4759
53600 0.6566 0.4886 0.6680 0.5651 0.5514 0.6531 0.5642 0.5548 0.4945 0.4636 0.5657 0.4642 0.4221
53800 0.7760 0.5083 0.7362 0.7048 0.4742 0.7743 0.7075 0.7059 0.5000 0.5945 0.7021 0.6620 0.6610
54000 0.6289 0.4603 0.6525 0.6426 0.4522 0.6699 0.6403 0.5934 0.5776 0.4519 0.5367 0.5905 0.5798
54200 0.7149 0.4257 0.7391 0.6035 0.5023 0.6490 0.5917 0.5625 0.6017 0.5913 0.4600 0.5642 0.5322
54400 0.6951 0.4072 0.6596 0.6238 0.4421 0.7458 0.6667 0.6595 0.6293 0.6620 0.5737 0.5429 0.5396
54600 0.8049 0.4790 0.6817 0.5926 0.5751 0.6893 0.6278 0.6092 0.6164 0.6478 0.5663 0.5233 0.5369
54800 0.7439 0.5463 0.7317 0.5877 0.4875 0.7699 0.6653 0.6351 0.6812 0.6835 0.5270 0.5826 0.5616
55000 0.6694 0.4413 0.7198 0.5573 0.5130 0.5981 0.5084 0.5336 0.5605 0.3707 0.3037 0.4513 0.4189
55200 0.7566 0.4930 0.7415 0.4855 0.5704 0.6667 0.5761 0.6397 0.5455 0.5357 0.6617 0.6805 0.6667
55400 0.7606 0.4575 0.6115 0.6842 0.5092 0.5887 0.6708 0.6282 0.5029 0.5369 0.5800 0.5671 0.4783
55600 0.7220 0.5523 0.6857 0.5628 0.4609 0.5592 0.5477 0.5195 0.5344 0.4112 0.6380 0.5747 0.4920
55800 0.7172 0.4628 0.5815 0.5099 0.5248 0.6102 0.5808 0.6135 0.6041 0.5375 0.7117 0.6275 0.6151
56000 0.6911 0.4579 0.5660 0.4828 0.5417 0.6608 0.6856 0.6250 0.6151 0.6364 0.7511 0.5964 0.6364
56200 0.7632 0.4115 0.6173 0.5976 0.5806 0.5607 0.6520 0.6266 0.5668 0.4783 0.5068 0.5165 0.5450
56400 0.8188 0.5643 0.7282 0.6020 0.6078 0.6656 0.6505 0.5948 0.6975 0.6415 0.7092 0.6055 0.5435
56600 0.8261 0.3923 0.6983 0.5913 0.4537 0.6953 0.6481 0.6018 0.5759 0.5060 0.7432 0.6667 0.6383
56800 0.7737 0.5318 0.6371 0.6594 0.5439 0.7131 0.7344 0.6653 0.5609 0.6018 0.6026 0.5714 0.6150
57000 0.7047 0.4645 0.6163 0.6283 0.4054 0.6698 0.6246 0.5634 0.5791 0.3537 0.4603 0.5463 0.5280
57200 0.7550 0.3692 0.6267 0.5405 0.2925 0.6206 0.5915 0.5779 0.5496 0.4847 0.5500 0.5102 0.4897
57400 0.7639 0.5128 0.7659 0.6336 0.4913 0.7248 0.6721 0.7211 0.7446 0.5896 0.8000 0.7357 0.7376
57600 0.8491 0.5418 0.7321 0.5959 0.4568 0.6245 0.4866 0.5822 0.6871 0.6417 0.8274 0.5431 0.4799
