0 0.6429 0.7317 0.5161 0.3226 0.7179 0.3158 0.2812 0.2069 0.2895 0.2326 0.1509 0.1842 0.3111
600 0.5946 0.3721 0.6279 0.4865 0.3947 0.5652 0.4722 0.5814 0.5455 0.3571 0.3617 0.3200 0.3667
1200 0.6176 0.3684 0.6216 0.6667 0.3947 0.3721 0.4615 0.6562 0.4545 0.2941 0.4667 0.5333 0.4286
1800 0.5510 0.3778 0.5429 0.4054 0.3469 0.6389 0.4286 0.6129 0.6279 0.3438 0.6579 0.6429 0.4286
2400 0.4167 0.2826 0.5435 0.4571 0.3714 0.5417 0.5250 0.4118 0.6585 0.2727 0.5938 0.5909 0.4524
3000 0.4194 0.2895 0.6667 0.5588 0.3548 0.6000 0.5250 0.5122 0.6977 0.4510 0.8125 0.6341 0.6000
3600 0.4091 0.1667 0.5714 0.6098 0.3636 0.6444 0.6471 0.6304 0.6667 0.4118 0.6857 0.7097 0.5349
4200 0.5172 0.3214 0.6957 0.4815 0.3590 0.6389 0.5294 0.7143 0.6735 0.4524 0.6000 0.5641 0.6765
4800 0.6667 0.6842 0.5667 0.6486 0.6512 0.6410 0.7442 0.6000 0.6735 0.5143 0.5938 0.5312 0.6250
5400 0.7333 0.5278 0.4839 0.7429 0.5278 0.5854 0.6964 0.6250 0.7059 0.5333 0.6429 0.6383 0.6857
6000 0.4762 0.7500 0.7586 0.7442 0.6889 0.6250 0.7857 0.6667 0.8108 0.5641 0.7907 0.6829 0.7097
6600 0.6154 0.7660 0.5714 0.7576 0.6857 0.6667 0.7273 0.7353 0.6154 0.4222 0.6216 0.5476 0.6765
7200 0.6500 0.5814 0.6857 0.7561 0.7931 0.6222 0.7941 0.6486 0.6364 0.5000 0.8065 0.8085 0.6829
7800 0.6154 0.6000 0.6098 0.6667 0.8182 0.6579 0.6486 0.7812 0.7674 0.6735 0.8478 0.8696 0.7407
8400 0.7241 0.7750 0.7660 0.7353 0.8857 0.6585 0.7429 0.6863 0.6765 0.6333 0.7895 0.6216 0.7143
9000 0.7105 0.7812 0.7045 0.7429 0.7714 0.7273 0.8158 0.7179 0.9091 0.7619 0.7250 0.7750 0.6207
9600 0.8649 0.5000 0.7931 0.8605 0.7222 0.7907 0.8868 0.7586 0.7805 0.7209 0.6977 0.6897 0.8333
10200 0.7857 0.7708 0.8372 0.7568 0.8529 0.8438 0.8000 0.7826 0.7188 0.6944 0.8049 0.8333 0.6829
10800 0.6250 0.7143 0.7755 0.8276 0.8537 0.8250 0.8750 0.8684 0.7000 0.7609 0.7353 0.7949 0.7568
11400 0.8293 0.7647 0.8780 0.8108 0.8125 0.8095 0.8000 0.8222 0.8485 0.6429 0.8182 0.7368 0.8889
12000 0.7500 0.7209 0.8333 0.7949 0.6744 0.8235 0.8095 0.7619 0.8158 0.6364 0.7027 0.8788 0.8000
12600 0.8261 0.8293 0.7907 0.6579 0.7429 0.7500 0.8108 0.8500 0.8462 0.7179 0.8333 0.8250 0.7000
13200 0.8235 0.8000 0.7368 0.8056 0.8043 0.8372 0.7308 0.7714 0.7879 0.6944 0.8529 0.8542 0.7941
13700 0.8493 0.7763 0.8082 0.7353 0.8406 0.8000 0.8046 0.7848 0.8333 0.7059 0.8611 0.8625 0.8228
13800 0.8108 0.7429 0.7333 0.7059 0.8125 0.7857 0.7561 0.8718 0.8462 0.7895 0.8378 0.7647 0.8387
14400 0.7308 0.8000 0.8723 0.8261 0.7442 0.9000 0.8800 0.9512 0.7455 0.4848 0.5897 0.7143 0.6579
15000 0.7692 0.9333 0.8158 0.8947 0.7568 0.8750 0.8235 0.8889 0.8667 0.7250 0.8158 0.7317 0.8108
15300 0.7903 0.7432 0.8148 0.8955 0.7564 0.8481 0.8889 0.8194 0.8090 0.8352 0.7935 0.8667 0.8529
15600 0.7692 0.7907 0.9143 1.0000 0.8542 0.7838 0.9118 0.9143 0.8182 0.8250 0.8140 0.8529 0.8333
16200 0.9286 0.7714 0.8235 0.7353 0.8302 0.9211 0.9250 0.7317 0.8780 0.6750 0.7838 0.8667 0.8571
16800 0.8333 0.8333 0.7931 0.8372 0.8824 0.8654 0.8293 0.8125 0.7826 0.6667 0.8857 0.8542 0.8286
17400 0.8571 0.8409 0.8043 0.8056 0.7667 0.8333 1.0000 0.8125 0.8974 0.8571 0.8621 0.7692 0.8857
18000 0.8438 0.7561 0.7308 0.8158 0.8444 0.9429 0.9474 0.8837 0.7907 0.8378 0.8409 0.8718 0.8974
18600 0.7674 0.9118 0.8158 0.8846 0.7556 0.8605 0.7436 0.7692 0.8750 0.7895 0.8966 0.8462 0.7818
19200 0.7429 0.6047 0.8205 0.9118 0.8065 0.8723 0.9111 0.8049 0.9231 0.5556 0.7895 0.8667 0.8333
19800 0.7222 0.7787 0.8235 0.8417 0.7091 0.8387 0.8846 0.7949 0.8182 0.7321 0.8283 0.7895 0.9242
20000 0.7000 0.5966 0.7857 0.8836 0.6640 0.7944 0.7953 0.7817 0.7647 0.6772 0.7460 0.7698 0.8345
20200 0.8333 0.7734 0.9161 0.8794 0.8525 0.8322 0.9124 0.8860 0.8189 0.8984 0.8321 0.8651 0.8071
20400 0.8385 0.8167 0.8303 0.8786 0.8000 0.8756 0.8729 0.8118 0.8539 0.7237 0.8287 0.8170 0.8235
20600 0.8137 0.7294 0.8989 0.8804 0.8174 0.8614 0.8812 0.8039 0.8557 0.7423 0.8283 0.7981 0.8283
20800 0.7867 0.6914 0.8354 0.8400 0.8592 0.8765 0.8519 0.8989 0.8485 0.5811 0.6857 0.8690 0.8649
21000 0.7895 0.8197 0.8974 0.8586 0.8205 0.8348 0.8707 0.8319 0.8730 0.7500 0.8103 0.7739 0.8333
21200 0.8800 0.8108 0.8732 0.9250 0.8533 0.9036 0.8913 0.8714 0.8276 0.8143 0.7692 0.8046 0.8690
21400 0.7879 0.8228 0.8286 0.8636 0.8611 0.8072 0.9125 0.8750 0.7727 0.8000 0.8143 0.7957 0.8356
21600 0.8175 0.7798 0.8438 0.8596 0.7542 0.8661 0.8624 0.8208 0.8125 0.9099 0.8295 0.8651 0.8534
21800 0.8493 0.7561 0.7945 0.8706 0.7531 0.8961 0.8590 0.8571 0.8750 0.7848 0.8133 0.8158 0.7722
22000 0.7632 0.6905 0.8701 0.8133 0.8000 0.9259 0.8060 0.8095 0.8734 0.7013 0.8000 0.8750 0.7500
22200 0.7627 0.8455 0.8148 0.8571 0.8387 0.8475 0.8387 0.8739 0.8981 0.7748 0.7727 0.8067 0.8053
22400 0.8077 0.7576 0.8800 0.8391 0.8056 0.9000 0.9390 0.8415 0.8590 0.6625 0.8030 0.8507 0.8736
22600 0.8830 0.8313 0.7879 0.7955 0.8293 0.7875 0.8235 0.7910 0.8889 0.8642 0.8209 0.8356 0.8548
22800 0.7727 0.8406 0.8417 0.8476 0.8333 0.8017 0.8407 0.8824 0.8119 0.7981 0.9145 0.8376 0.8333
23000 0.7950 0.8232 0.8618 0.8782 0.8533 0.9362 0.8433 0.8712 0.8544 0.9051 0.8077 0.8553 0.8452
23200 0.8101 0.7927 0.8837 0.9231 0.9296 0.8194 0.8519 0.8375 0.8548 0.7396 0.7714 0.8750 0.8158
23400 0.8128 0.6340 0.7560 0.8720 0.6995 0.8191 0.8033 0.7784 0.8196 0.5957 0.7582 0.7809 0.7952
23600 0.8121 0.7987 0.8089 0.8428 0.7386 0.8345 0.8544 0.8435 0.8148 0.8199 0.8264 0.8225 0.8777
23800 0.8571 0.8012 0.8453 0.8397 0.8387 0.7907 0.8400 0.8243 0.8438 0.7349 0.7929 0.8194 0.8286
24000 0.7474 0.8632 0.8424 0.8632 0.7877 0.7805 0.8615 0.8068 0.8000 0.7868 0.8497 0.8680 0.8636
24200 0.7857 0.7950 0.8926 0.8485 0.7630 0.8323 0.8828 0.8176 0.7842 0.7152 0.7607 0.8231 0.8077
24400 0.7771 0.7222 0.7974 0.8160 0.6731 0.7415 0.8278 0.8448 0.8077 0.6871 0.7961 0.7667 0.7733
24600 0.8034 0.7805 0.8284 0.8670 0.8274 0.8125 0.8686 0.8128 0.8287 0.7263 0.8398 0.8247 0.7929
24800 0.7564 0.7063 0.7462 0.8302 0.7622 0.7911 0.9068 0.8228 0.7682 0.7576 0.7979 0.8582 0.8589
25000 0.7986 0.7669 0.8253 0.8623 0.8182 0.8581 0.8497 0.8609 0.7750 0.7235 0.8171 0.8800 0.8176
25200 0.8667 0.8035 0.8537 0.8634 0.8095 0.8426 0.8756 0.8557 0.8256 0.7294 0.7910 0.8663 0.8724
25400 0.8642 0.7286 0.7917 0.8904 0.6711 0.8310 0.8723 0.8293 0.7750 0.6875 0.7746 0.8077 0.7955
25600 0.7561 0.7209 0.8197 0.8523 0.6806 0.8652 0.9481 0.8125 0.7705 0.7324 0.8101 0.7667 0.8125
25800 0.7857 0.7073 0.7589 0.7757 0.7130 0.8053 0.8318 0.7852 0.8306 0.7549 0.8034 0.8879 0.8722
26000 0.8088 0.8864 0.8588 0.8769 0.8765 0.8592 0.8333 0.8529 0.7875 0.6494 0.7606 0.7901 0.8400
26200 0.8077 0.8356 0.7215 0.8082 0.7778 0.7534 0.8169 0.8442 0.9268 0.6667 0.6737 0.7714 0.7857
26400 0.8250 0.8100 0.8056 0.8350 0.8548 0.8516 0.8684 0.8320 0.8482 0.7627 0.7759 0.8214 0.8750
26600 0.8642 0.8667 0.8864 0.8846 0.8636 0.7867 0.8052 0.8235 0.9375 0.8243 0.8276 0.8354 0.7917
26800 0.7517 0.8372 0.8000 0.9006 0.8313 0.8261 0.8357 0.8035 0.7793 0.7429 0.8239 0.8201 0.8258
27000 0.7711 0.8265 0.8684 0.8269 0.7970 0.8066 0.8687 0.8032 0.7967 0.6180 0.7865 0.8010 0.8404
27200 0.8176 0.8199 0.8169 0.8531 0.8012 0.8544 0.8861 0.8794 0.7973 0.6327 0.8302 0.8125 0.8528
27400 0.8256 0.8187 0.7891 0.8323 0.7885 0.8125 0.8098 0.8182 0.8767 0.7160 0.8176 0.8000 0.8354
27600 0.8444 0.8012 0.8860 0.7872 0.7682 0.8969 0.8557 0.8821 0.8201 0.6868 0.7263 0.8500 0.7902
27800 0.8411 0.8446 0.8471 0.8613 0.8917 0.8242 0.8716 0.8071 0.7907 0.7838 0.9048 0.8571 0.8693
28000 0.7922 0.8017 0.8614 0.8188 0.8431 0.8671 0.8324 0.8228 0.8497 0.6806 0.7771 0.8255 0.8133
28200 0.8514 0.7614 0.8477 0.9227 0.7949 0.8736 0.8252 0.8671 0.8351 0.7211 0.8177 0.8592 0.8316
28400 0.8806 0.8235 0.8269 0.8808 0.8199 0.8606 0.8500 0.8170 0.8733 0.7153 0.7806 0.8742 0.8623
28600 0.8611 0.8516 0.8491 0.8205 0.7963 0.8476 0.8905 0.8344 0.8296 0.7244 0.8405 0.8431 0.8170
28800 0.8182 0.8193 0.8387 0.9043 0.8115 0.8131 0.8900 0.8760 0.8607 0.8870 0.8431 0.8403 0.8740
29000 0.8243 0.8590 0.8125 0.8537 0.8169 0.8072 0.8046 0.8933 0.8250 0.7879 0.8289 0.7662 0.8732
29200 0.6795 0.6092 0.8148 0.8333 0.7529 0.8649 0.8767 0.7564 0.8784 0.7432 0.8857 0.8500 0.8243
29400 0.8017 0.7545 0.7686 0.8254 0.7761 0.8500 0.8271 0.8673 0.8932 0.7170 0.8125 0.8430 0.9048
29600 0.7321 0.6705 0.8429 0.8280 0.8384 0.8929 0.8526 0.8375 0.8421 0.7250 0.8375 0.7937 0.9062
29800 0.8375 0.7013 0.9054 0.9062 0.7590 0.9367 0.8955 0.9268 0.9231 0.7015 0.8391 0.8312 0.9091
30000 0.7784 0.6228 0.7611 0.7989 0.6977 0.8397 0.7941 0.8136 0.8084 0.6989 0.7134 0.8720 0.8282
30200 0.6600 0.5065 0.7711 0.8704 0.6463 0.7500 0.7692 0.7222 0.7826 0.7476 0.8333 0.8969 0.8095
30400 0.7449 0.7283 0.8866 0.8172 0.7692 0.8511 0.8163 0.7755 0.8152 0.8488 0.8506 0.8265 0.8876
30600 0.8190 0.7687 0.8281 0.8207 0.8246 0.8235 0.8264 0.8433 0.8519 0.7674 0.8897 0.8769 0.9197
30800 0.8353 0.7857 0.8072 0.8182 0.7927 0.8226 0.8462 0.8451 0.8427 0.8795 0.8667 0.8108 0.8452
31000 0.7342 0.6567 0.7901 0.8116 0.6957 0.8026 0.8551 0.8800 0.8925 0.7901 0.8000 0.7808 0.9103
31200 0.7931 0.7182 0.8018 0.8197 0.7304 0.8374 0.8091 0.8790 0.7934 0.8000 0.7881 0.8053 0.8505
31400 0.7215 0.7467 0.7969 0.9351 0.6753 0.8143 0.9398 0.8421 0.7889 0.7738 0.8375 0.8313 0.9355
31600 0.7662 0.6711 0.8378 0.8442 0.7887 0.9012 0.8750 0.8442 0.8608 0.8571 0.9000 0.8442 0.8750
31800 0.8496 0.7212 0.8548 0.8585 0.8509 0.8609 0.8828 0.8938 0.8426 0.8018 0.8692 0.8421 0.8250
32000 0.8767 0.7528 0.8276 0.7976 0.8065 0.9231 0.9341 0.7927 0.8442 0.8765 0.8919 0.9114 0.9130
32200 0.6290 0.6625 0.6567 0.8353 0.7500 0.7531 0.8148 0.8148 0.8947 0.8421 0.8750 0.8750 0.8800
32400 0.8137 0.7603 0.7863 0.8279 0.7480 0.8672 0.8230 0.8346 0.8235 0.8750 0.8879 0.8387 0.9274
32600 0.8793 0.8052 0.8551 0.8876 0.8765 0.8933 0.8841 0.8851 0.8571 0.7816 0.8750 0.8615 0.8590
32800 0.8730 0.8800 0.8750 0.9028 0.8841 0.9663 0.9759 0.8286 0.8659 0.8313 0.9419 0.8795 0.9383
33000 0.8952 0.8571 0.8644 0.8051 0.8593 0.8358 0.8860 0.8655 0.8409 0.8220 0.7132 0.8770 0.8529
33200 0.7821 0.7407 0.8763 0.9014 0.8103 0.9012 0.8644 0.8406 0.8667 0.7600 0.8228 0.8784 0.8295
33400 0.8506 0.7778 0.8722 0.8707 0.7848 0.8986 0.8792 0.8802 0.8580 0.8679 0.8472 0.8820 0.8553
33600 0.8226 0.7772 0.8677 0.8595 0.7727 0.8889 0.9016 0.8711 0.8871 0.7806 0.8342 0.9180 0.8967
33800 0.8446 0.8430 0.8900 0.8832 0.8194 0.8577 0.8606 0.9211 0.8918 0.7583 0.8798 0.8565 0.8761
34000 0.8944 0.8219 0.8364 0.8629 0.8440 0.9007 0.8533 0.8626 0.8175 0.8759 0.8289 0.8085 0.8608
34200 0.8220 0.7850 0.8526 0.8684 0.7684 0.8889 0.9113 0.8832 0.8602 0.8360 0.8421 0.8770 0.8792
34400 0.7847 0.8146 0.8313 0.8671 0.8138 0.8365 0.8836 0.8553 0.8235 0.8113 0.8472 0.8621 0.8580
34600 0.7686 0.7012 0.8903 0.8616 0.7262 0.8921 0.8551 0.8167 0.8533 0.7548 0.8448 0.8859 0.8716
34800 0.7688 0.7672 0.7734 0.8439 0.7515 0.8150 0.8090 0.8359 0.8105 0.7559 0.8021 0.8409 0.8678
35000 0.7829 0.7421 0.8480 0.7517 0.7386 0.9051 0.8581 0.8247 0.8198 0.7278 0.8526 0.8786 0.8039
35200 0.7806 0.7923 0.8151 0.8811 0.8140 0.8672 0.8596 0.7421 0.9050 0.8654 0.8272 0.8258 0.8194
35400 0.8532 0.7250 0.8333 0.8036 0.7083 0.9082 0.8310 0.8585 0.8070 0.8435 0.8889 0.7712 0.8585
35600 0.8415 0.7700 0.9054 0.9104 0.8133 0.8696 0.9211 0.8659 0.8472 0.8611 0.8987 0.8831 0.9467
35800 0.8194 0.7978 0.8364 0.8831 0.8163 0.9231 0.8406 0.9242 0.8864 0.8784 0.8140 0.8133 0.8356
36000 0.8362 0.8333 0.8661 0.8843 0.8019 0.8837 0.8504 0.8716 0.8716 0.9029 0.8362 0.9100 0.8254
36200 0.8444 0.8974 0.8571 0.9091 0.7460 0.8816 0.8400 0.8906 0.8353 0.8780 0.8718 0.8901 0.8667
36400 0.8182 0.8416 0.8684 0.8767 0.7705 0.9474 0.8481 0.9091 0.9516 0.8333 0.8929 0.9231 0.8810
36600 0.8000 0.7438 0.7982 0.8246 0.7699 0.8594 0.9038 0.8661 0.8359 0.8641 0.9375 0.9231 0.8919
36800 0.8993 0.8705 0.9675 0.8882 0.8481 0.8929 0.8476 0.8623 0.8545 0.8750 0.8537 0.8357 0.8973
37000 0.8777 0.8725 0.8852 0.9150 0.9110 0.8944 0.8561 0.9085 0.8688 0.8723 0.8742 0.8588 0.8387
37200 0.8655 0.8580 0.8929 0.9372 0.8850 0.9091 0.8667 0.8836 0.8642 0.8817 0.8509 0.9075 0.9023
37400 0.8831 0.8514 0.9085 0.9124 0.8882 0.9104 0.9000 0.9102 0.9341 0.9073 0.8810 0.8981 0.9150
37600 0.8367 0.8085 0.8099 0.8689 0.7975 0.8742 0.9107 0.9036 0.8476 0.8684 0.9045 0.8758 0.9357
37800 0.8564 0.8480 0.8739 0.8756 0.8984 0.8602 0.9239 0.9110 0.9053 0.9130 0.8410 0.8718 0.8607
38000 0.8707 0.7616 0.8198 0.8961 0.8344 0.8414 0.8718 0.8662 0.8563 0.8951 0.8521 0.8239 0.8600
38100 0.8372 0.7812 0.8293 0.8769 0.8791 0.8462 0.9000 0.8987 0.8108 0.8875 0.8706 0.9014 0.8941
38200 0.8613 0.8718 0.8688 0.8957 0.8403 0.8951 0.8309 0.8862 0.9101 0.8881 0.8733 0.8782 0.8654
38400 0.7946 0.8606 0.8810 0.8876 0.8309 0.8469 0.8398 0.8653 0.8626 0.8108 0.8453 0.8693 0.8681
38600 0.9137 0.9231 0.9074 0.8248 0.8947 0.8642 0.8443 0.8333 0.8688 0.8662 0.8151 0.8718 0.8658
38800 0.8333 0.8542 0.8963 0.9328 0.8052 0.9156 0.9054 0.9122 0.8477 0.7919 0.8013 0.8235 0.9179
39000 0.8609 0.8214 0.8525 0.8468 0.8584 0.9115 0.8925 0.8810 0.9060 0.8605 0.8939 0.8500 0.8660
39200 0.8022 0.8261 0.8125 0.8451 0.8415 0.8831 0.9104 0.7955 0.9403 0.7692 0.8784 0.8451 0.8065
39400 0.8434 0.8298 0.8481 0.8485 0.7722 0.8611 0.8472 0.9306 0.9167 0.8182 0.8429 0.8750 0.8684
39600 0.8649 0.8750 0.8720 0.8710 0.8318 0.8348 0.8727 0.9238 0.8393 0.9107 0.8862 0.9074 0.8984
39800 0.8684 0.8148 0.8649 0.8841 0.8382 0.8676 0.8413 0.8986 0.8542 0.8617 0.9114 0.8989 0.8649
40000 0.9291 0.8583 0.8559 0.9298 0.8397 0.9124 0.9254 0.9127 0.9134 0.9000 0.8936 0.9143 0.8909
40200 0.8444 0.8631 0.8810 0.8827 0.8750 0.9412 0.9524 0.8614 0.9137 0.8443 0.8831 0.8802 0.9187
40400 0.8333 0.8780 0.8395 0.9485 0.8211 0.8621 0.8250 0.8539 0.8617 0.8113 0.7423 0.7714 0.8861
40600 0.8061 0.8554 0.7717 0.8681 0.7912 0.9024 0.8636 0.8830 0.8900 0.7654 0.8957 0.9167 0.8317
40800 0.9109 0.8376 0.8241 0.9151 0.8627 0.8288 0.8696 0.8889 0.8309 0.9009 0.8702 0.8730 0.9000
41000 0.8966 0.8395 0.8841 0.7590 0.8000 0.9143 0.8250 0.8293 0.8904 0.6364 0.8395 0.8861 0.9348
41200 0.9355 0.9222 0.8696 0.8429 0.8800 0.9268 0.9259 0.8953 0.8987 0.8657 0.8333 0.8630 0.9048
41400 0.8957 0.8718 0.8333 0.8362 0.8136 0.8870 0.8235 0.9495 0.8435 0.8145 0.8095 0.8870 0.8571
41600 0.8312 0.7704 0.7622 0.8146 0.7799 0.8284 0.8811 0.8543 0.8276 0.5926 0.7765 0.8690 0.9030
41800 0.8507 0.8000 0.9444 0.8987 0.7816 0.9036 0.8590 0.8987 0.8657 0.6829 0.7969 0.8929 0.8916
42000 0.7736 0.7547 0.7315 0.7869 0.7131 0.8815 0.8571 0.8609 0.8673 0.6970 0.8615 0.8870 0.8803
42200 0.8846 0.8209 0.8551 0.8594 0.7722 0.8953 0.8833 0.9130 0.8594 0.7789 0.8125 0.9208 0.8636
42400 0.8286 0.7969 0.9688 0.8701 0.7805 0.8929 0.8451 0.8947 0.8378 0.6622 0.8286 0.8636 0.7746
42600 0.7632 0.7350 0.8496 0.9159 0.7545 0.9464 0.8571 0.8678 0.7353 0.7561 0.8130 0.8559 0.8906
42800 0.8514 0.8800 0.8732 0.8824 0.8372 0.8971 0.8675 0.9000 0.9103 0.8947 0.8919 0.9041 0.9359
43000 0.8519 0.6951 0.9259 0.8478 0.7167 0.8889 0.8472 0.9605 0.8933 0.8152 0.7424 0.9014 0.8625
43200 0.8627 0.8039 0.8976 0.8400 0.8468 0.8720 0.8393 0.8559 0.9083 0.8376 0.8102 0.8707 0.8051
43400 0.8117 0.7403 0.9304 0.8148 0.8037 0.8621 0.9055 0.8561 0.9065 0.8103 0.8750 0.8452 0.9026
43600 0.8452 0.8333 0.9000 0.9058 0.8272 0.8815 0.8784 0.8940 0.8688 0.8428 0.9257 0.9320 0.8875
43800 0.8534 0.8297 0.8284 0.8827 0.7981 0.9337 0.8650 0.9333 0.8768 0.7835 0.8876 0.8905 0.8878
43900 0.8630 0.8193 0.9028 0.8657 0.8421 0.9620 0.9737 0.9841 0.8804 0.8415 0.8194 0.9070 0.8764
44000 0.8606 0.8000 0.7958 0.8000 0.7922 0.8741 0.8912 0.8844 0.9000 0.8652 0.8537 0.8759 0.8944
44200 0.8112 0.8924 0.8750 0.8714 0.8430 0.9379 0.9205 0.8986 0.8477 0.7755 0.8456 0.8993 0.8903
44400 0.8154 0.7487 0.8281 0.8480 0.7926 0.9143 0.8663 0.8814 0.9107 0.8421 0.8587 0.8588 0.8769
44600 0.8311 0.8603 0.8970 0.8722 0.8344 0.9041 0.9020 0.9247 0.8841 0.8364 0.8869 0.8982 0.8816
44800 0.8221 0.7854 0.8973 0.9037 0.8159 0.8771 0.8947 0.9008 0.8899 0.8745 0.8091 0.8879 0.8697
45000 0.8256 0.8241 0.8505 0.9267 0.8359 0.9235 0.8281 0.9045 0.8969 0.8900 0.9017 0.8974 0.8901
45200 0.8274 0.8409 0.8980 0.9217 0.8750 0.9059 0.8817 0.9070 0.9080 0.8851 0.8944 0.9370 0.9257
45400 0.8291 0.8704 0.8852 0.8595 0.7900 0.9217 0.8796 0.9000 0.9313 0.8739 0.9016 0.8649 0.9469
45600 0.7500 0.7600 0.8504 0.7925 0.7619 0.8943 0.8702 0.9091 0.8265 0.8438 0.8440 0.8716 0.9018
45800 0.8592 0.7558 0.7750 0.8902 0.7802 0.8987 0.9200 0.8788 0.9219 0.8837 0.8395 0.8986 0.9286
46000 0.8846 0.7714 0.9324 0.8116 0.8354 0.8000 0.8191 0.9067 0.8382 0.8817 0.7971 0.9036 0.8493
46200 0.8614 0.7803 0.8776 0.8629 0.7969 0.9167 0.9008 0.9495 0.8991 0.8750 0.8952 0.9421 0.9208
46400 0.8052 0.7867 0.9351 0.8556 0.8421 0.8987 0.9167 0.8902 0.8873 0.8701 0.8077 0.8919 0.8929
46600 0.7882 0.7561 0.9221 0.9315 0.8052 0.8784 0.8800 0.9157 0.8493 0.7538 0.8857 0.9342 0.9111
46800 0.8261 0.7582 0.8542 0.8325 0.8182 0.8945 0.8832 0.8798 0.8942 0.8045 0.8673 0.9034 0.8840
47000 0.7561 0.7989 0.8611 0.8805 0.7891 0.8896 0.9137 0.8994 0.8760 0.8562 0.8696 0.8720 0.9042
47200 0.8581 0.7606 0.8674 0.8854 0.7987 0.8904 0.8649 0.8686 0.8759 0.8356 0.8675 0.8434 0.8599
47400 0.8446 0.8360 0.9071 0.8912 0.7897 0.8684 0.8879 0.9128 0.8830 0.8922 0.9000 0.9000 0.8929
47600 0.8571 0.8182 0.8110 0.8922 0.8143 0.8815 0.8986 0.8958 0.8938 0.8626 0.9211 0.9000 0.9221
47800 0.8333 0.8343 0.8299 0.8195 0.7778 0.8924 0.8944 0.9110 0.9048 0.8650 0.8688 0.8882 0.8741
48000 0.8497 0.8838 0.8806 0.9427 0.8446 0.9218 0.9137 0.9350 0.8750 0.8191 0.8325 0.8626 0.8660
48200 0.8806 0.7647 0.9195 0.9333 0.8412 0.8634 0.8889 0.9453 0.9133 0.8503 0.9020 0.9216 0.8922
48400 0.8434 0.7987 0.8741 0.8293 0.8438 0.9172 0.9000 0.9343 0.8944 0.8543 0.8252 0.9000 0.8785
48600 0.7778 0.6647 0.8272 0.8389 0.7097 0.8636 0.8877 0.9031 0.8085 0.7622 0.8009 0.8696 0.8278
48800 0.8455 0.8679 0.8934 0.9008 0.8667 0.8776 0.9091 0.8898 0.8943 0.7913 0.8971 0.8696 0.9110
49000 0.7500 0.7761 0.8529 0.8977 0.8400 0.9103 0.8312 0.9231 0.9041 0.9167 0.9241 0.7973 0.8987
49200 0.8417 0.7787 0.9130 0.8852 0.8190 0.9100 0.9115 0.9231 0.9052 0.7611 0.8226 0.8860 0.9352
49400 0.8442 0.7969 0.8846 0.9062 0.7368 0.9143 0.9385 0.8929 0.9474 0.9206 0.8481 0.9351 0.9342
49600 0.8519 0.8148 0.8193 0.9444 0.7286 0.8592 0.9054 0.8961 0.9091 0.8333 0.8103 0.8904 0.9390
49800 0.7944 0.7258 0.8696 0.8957 0.7870 0.8482 0.8382 0.9091 0.8661 0.7727 0.9123 0.8624 0.8605
50000 0.7063 0.6692 0.8425 0.8203 0.7786 0.8592 0.8828 0.9083 0.8889 0.7692 0.8103 0.8639 0.8421
50200 0.7900 0.6556 0.8454 0.8409 0.7158 0.8681 0.8830 0.8796 0.8911 0.8721 0.7692 0.9342 0.9036
50400 0.8696 0.6720 0.8841 0.8921 0.7704 0.8958 0.8661 0.8378 0.8829 0.7985 0.8828 0.9138 0.8810
50600 0.8211 0.8000 0.8788 0.8929 0.8706 0.9072 0.8977 0.9062 0.8969 0.8889 0.9195 0.9043 0.9250
50800 0.7831 0.7558 0.8434 0.8876 0.8617 0.9111 0.8875 0.9275 0.8488 0.8101 0.8659 0.8519 0.8642
51000 0.8585 0.8361 0.9083 0.8889 0.8636 0.8776 0.9043 0.9189 0.9280 0.8770 0.8908 0.8559 0.9185
51200 0.9222 0.8488 0.8488 0.9024 0.8780 0.9620 0.9242 0.8974 0.8939 0.8684 0.8814 0.8375 0.9286
51400 0.7901 0.8592 0.8554 0.7581 0.8824 0.8101 0.8025 0.9268 0.9054 0.9000 0.8667 0.9000 0.8571
51600 0.8696 0.8952 0.9127 0.9109 0.8704 0.8981 0.9035 0.9008 0.8915 0.8710 0.9434 0.9554 0.8929
51800 0.8333 0.8421 0.8933 0.8846 0.8088 0.9176 0.9125 0.9157 0.8989 0.8462 0.7600 0.8765 0.9178
52000 0.8689 0.8889 0.8182 0.8780 0.8052 0.8519 0.7849 0.7949 0.8906 0.8077 0.9121 0.9104 0.8687
52200 0.8058 0.8333 0.8512 0.8793 0.7627 0.9151 0.8880 0.8716 0.8092 0.7143 0.7874 0.8522 0.9138
52400 0.8621 0.8250 0.9067 0.8395 0.9467 0.8382 0.8452 0.8989 0.8929 0.8305 0.9070 0.9167 0.8750
52600 0.8442 0.7763 0.7761 0.8000 0.8429 0.8857 0.7742 0.9639 0.9103 0.7917 0.8873 0.9024 0.8488
52800 0.9000 0.7981 0.8361 0.8983 0.7967 0.8879 0.8952 0.8545 0.8774 0.8537 0.8687 0.8730 0.9160
53000 0.8333 0.8657 0.8375 0.7975 0.7733 0.8533 0.8947 0.8590 0.9206 0.9239 0.8172 0.8961 0.9180
53200 0.7908 0.7962 0.8440 0.9006 0.7941 0.8834 0.8523 0.8333 0.8639 0.8129 0.8467 0.8088 0.8415
53400 0.7989 0.7151 0.8594 0.8410 0.8095 0.8832 0.8660 0.8944 0.8804 0.8429 0.8367 0.8535 0.9216
53600 0.9133 0.8110 0.8733 0.8562 0.8367 0.8834 0.8639 0.9065 0.9136 0.8117 0.8323 0.8562 0.8608
53800 0.8258 0.7799 0.9080 0.8537 0.8133 0.9333 0.9324 0.8581 0.8722 0.8389 0.8645 0.8980 0.9150
54000 0.8406 0.8269 0.8333 0.8889 0.8201 0.8789 0.8889 0.8342 0.8811 0.7538 0.8261 0.9152 0.9189
54200 0.8299 0.7793 0.8125 0.8750 0.8355 0.8639 0.8514 0.8936 0.8790 0.8014 0.8012 0.8767 0.8438
54400 0.8494 0.7937 0.9494 0.9221 0.7976 0.9060 0.8924 0.8986 0.8806 0.7738 0.9214 0.9020 0.8819
54600 0.8172 0.7258 0.8905 0.9000 0.7778 0.9086 0.8663 0.8883 0.8905 0.8341 0.8644 0.8852 0.9050
54800 0.8491 0.8467 0.8994 0.9574 0.8705 0.9329 0.8807 0.9057 0.8864 0.8110 0.8116 0.8897 0.9042
55000 0.8766 0.8273 0.8793 0.7703 0.8000 0.8846 0.7959 0.9057 0.8944 0.7365 0.8000 0.8284 0.8634
55200 0.8205 0.7840 0.8857 0.8273 0.8014 0.8609 0.8132 0.8264 0.8727 0.7444 0.8609 0.9138 0.8899
55400 0.8571 0.7532 0.8462 0.9041 0.7614 0.8046 0.9275 0.8659 0.8864 0.7945 0.8169 0.9000 0.8452
55600 0.8242 0.8828 0.8470 0.8667 0.8758 0.8828 0.8718 0.8387 0.9041 0.7778 0.8481 0.8750 0.8732
55800 0.8032 0.8177 0.8971 0.8297 0.8641 0.9158 0.8453 0.9306 0.9192 0.8276 0.9026 0.8525 0.9152
56000 0.8313 0.8121 0.8580 0.8553 0.8657 0.9048 0.9200 0.9000 0.8675 0.8141 0.8231 0.9220 0.8951
56200 0.8117 0.7911 0.9111 0.8867 0.8165 0.8451 0.8667 0.8608 0.8931 0.7817 0.8286 0.8693 0.8369
56400 0.8478 0.8443 0.8457 0.8596 0.8971 0.8667 0.8523 0.9096 0.8844 0.8358 0.8878 0.8462 0.8783
56600 0.8026 0.7183 0.7989 0.8219 0.7453 0.8778 0.8904 0.8636 0.8808 0.7778 0.8759 0.9338 0.9301
56800 0.8356 0.7562 0.9524 0.8721 0.8204 0.9313 0.8815 0.8795 0.9007 0.8344 0.8774 0.8616 0.9084
57000 0.8547 0.7473 0.8966 0.8889 0.8402 0.9485 0.9167 0.8779 0.8930 0.7286 0.7380 0.8794 0.9053
57200 0.8704 0.7301 0.8258 0.9139 0.7329 0.8954 0.8974 0.9375 0.8758 0.7285 0.8385 0.8816 0.8693
57400 0.9103 0.7568 0.8688 0.8931 0.8312 0.9247 0.9357 0.9184 0.9396 0.8667 0.8839 0.9267 0.8645
57600 0.8640 0.8727 0.8729 0.7686 0.8614 0.9015 0.8214 0.8618 0.8810 0.8462 0.9143 0.8909 0.8983
