27000 0.8333 0.6111 0.6410 0.5584 0.5244 0.5972 0.5493 0.6389 0.5000 0.4308 0.5231 0.6437 0.5281
27600 0.8202 0.4853 0.4483 0.5857 0.4419 0.6462 0.5000 0.5679 0.6575 0.4810 0.5765 0.5070 0.4000
28200 0.8333 0.6000 0.7639 0.5625 0.6354 0.5373 0.6528 0.6753 0.5647 0.6410 0.6456 0.5395 0.5231
28800 0.5775 0.5714 0.4688 0.6000 0.5195 0.4458 0.6329 0.5942 0.4000 0.5556 0.7333 0.6024 0.5479
29400 0.6786 0.2414 0.4930 0.5517 0.3636 0.5301 0.4353 0.5200 0.3514 0.2766 0.4730 0.4819 0.5119
30000 0.6220 0.2319 0.3780 0.4186 0.1829 0.4242 0.4930 0.5769 0.3766 0.2078 0.4286 0.4605 0.4935
30600 0.8118 0.4235 0.5952 0.4615 0.3611 0.5341 0.5224 0.5493 0.4247 0.3291 0.7368 0.6164 0.6377
31200 0.8642 0.3146 0.7284 0.4125 0.4219 0.7385 0.5476 0.4024 0.5312 0.4896 0.6667 0.5652 0.4483
31800 0.7284 0.3467 0.6026 0.4773 0.3182 0.4824 0.5362 0.5250 0.4143 0.5441 0.5595 0.4762 0.4861
32400 0.5821 0.6338 0.5750 0.6620 0.3973 0.5867 0.7283 0.6829 0.4588 0.6538 0.8533 0.8442 0.7432
33000 0.7671 0.4217 0.6042 0.5128 0.4308 0.6579 0.5417 0.4366 0.4286 0.3295 0.5063 0.3731 0.4512
33600 0.6456 0.3735 0.4776 0.5309 0.3784 0.5067 0.7342 0.5753 0.3412 0.3750 0.6023 0.6714 0.7273
34200 0.6567 0.4302 0.6207 0.5921 0.4167 0.5625 0.6000 0.6338 0.3611 0.3951 0.6000 0.5375 0.5616
34800 0.7468 0.2895 0.4714 0.4937 0.4000 0.5000 0.5714 0.5362 0.5172 0.5000 0.5667 0.5568 0.4607
35400 0.8904 0.3478 0.6667 0.6628 0.4051 0.5632 0.6212 0.5208 0.4355 0.4321 0.5833 0.5362 0.5000
36000 0.6623 0.5000 0.5441 0.5000 0.5057 0.7143 0.6286 0.6627 0.3953 0.5663 0.6522 0.6974 0.5526
36600 0.7011 0.5185 0.6094 0.4625 0.5233 0.5190 0.6562 0.6232 0.4810 0.4783 0.6667 0.6438 0.6615
37200 0.7887 0.5287 0.6932 0.6508 0.4865 0.7059 0.6296 0.6479 0.5634 0.6324 0.7237 0.6667 0.5119
37800 0.8916 0.5455 0.6341 0.6901 0.5541 0.8000 0.6667 0.7821 0.5867 0.8243 0.6579 0.7703 0.7188
38400 0.6023 0.5395 0.7097 0.5882 0.5405 0.6316 0.6395 0.5000 0.5132 0.5217 0.5325 0.4937 0.3933
39000 0.7342 0.4268 0.4595 0.5070 0.5789 0.5373 0.6364 0.6322 0.5263 0.4615 0.5000 0.6220 0.5610
39600 0.8242 0.5584 0.6765 0.4932 0.6712 0.6386 0.6986 0.6579 0.6620 0.7397 0.7215 0.6571 0.6882
40200 0.7355 0.6686 0.7025 0.6084 0.6794 0.6824 0.7432 0.7379 0.6821 0.6879 0.7273 0.6951 0.6691
40800 0.7532 0.6941 0.6438 0.3563 0.5479 0.5542 0.5385 0.4304 0.5867 0.6316 0.7568 0.7344 0.5000
41400 0.7692 0.6265 0.7778 0.5821 0.6410 0.6667 0.5867 0.6154 0.6000 0.4118 0.5405 0.5811 0.4933
42000 0.7647 0.3385 0.3889 0.4141 0.3250 0.5412 0.5495 0.4878 0.4024 0.3562 0.6842 0.6349 0.5312
42600 0.8000 0.4444 0.6322 0.5357 0.6133 0.6098 0.6494 0.5783 0.4615 0.4853 0.6667 0.6111 0.5467
43200 0.8625 0.4857 0.7260 0.4578 0.3836 0.6667 0.5281 0.5429 0.6196 0.5000 0.5190 0.5672 0.4923
43800 0.7342 0.5510 0.7174 0.5976 0.4646 0.6250 0.6477 0.5545 0.5053 0.4423 0.6574 0.4681 0.5663
44400 0.7206 0.5161 0.6216 0.6143 0.4521 0.6176 0.5000 0.7089 0.5682 0.4545 0.6625 0.6154 0.5699
45000 0.8553 0.4744 0.6353 0.5694 0.4143 0.7105 0.6429 0.6463 0.6579 0.7755 0.7808 0.6747 0.7049
45600 0.7662 0.4571 0.7500 0.6400 0.5122 0.6533 0.6860 0.7356 0.5484 0.4026 0.7108 0.6750 0.5303
46200 0.8261 0.4659 0.6267 0.3765 0.4651 0.6707 0.5658 0.5921 0.6418 0.6567 0.7234 0.6625 0.5273
46800 0.7013 0.5072 0.6923 0.5211 0.5119 0.6706 0.6395 0.6076 0.6076 0.6064 0.7342 0.6949 0.7534
47400 0.9326 0.5000 0.8116 0.6825 0.4603 0.8000 0.6923 0.7111 0.6533 0.7368 0.6883 0.6164 0.6111
48000 0.9420 0.6429 0.8125 0.7667 0.6782 0.7627 0.7931 0.6824 0.6486 0.6197 0.6456 0.7089 0.6941
48600 0.6000 0.3378 0.5846 0.5443 0.3521 0.6489 0.6250 0.5976 0.6104 0.4533 0.5116 0.6092 0.5890
49200 0.6119 0.4000 0.6111 0.5556 0.4167 0.6420 0.6164 0.6477 0.4769 0.4189 0.4944 0.5775 0.5135
49800 0.8718 0.3034 0.6630 0.4875 0.4659 0.5385 0.4935 0.5789 0.5075 0.5366 0.6883 0.5890 0.4133
50400 0.6465 0.3750 0.7778 0.6429 0.3765 0.6818 0.6633 0.5368 0.6875 0.3800 0.5556 0.5120 0.4091
51000 0.7746 0.6154 0.6914 0.6897 0.5500 0.8133 0.6438 0.6667 0.6883 0.6970 0.8519 0.6500 0.5946
51600 0.8108 0.6049 0.7027 0.6471 0.6027 0.6375 0.7671 0.7125 0.6567 0.7625 0.8267 0.7647 0.5890
52200 0.7821 0.3708 0.6990 0.6265 0.3864 0.6111 0.5250 0.5400 0.5368 0.4198 0.4583 0.5556 0.4458
52800 0.8889 0.5325 0.7952 0.5116 0.5970 0.7564 0.6623 0.5156 0.6395 0.6026 0.7564 0.6912 0.6364
53400 0.6753 0.4030 0.7619 0.6667 0.5000 0.6753 0.5366 0.5882 0.5625 0.4231 0.6835 0.4941 0.5584
54000 0.6712 0.3947 0.6190 0.5542 0.4459 0.6866 0.6486 0.5529 0.5250 0.4359 0.5181 0.5616 0.5934
54600 0.8214 0.3968 0.5833 0.5638 0.5595 0.7042 0.6716 0.6522 0.5714 0.6479 0.6392 0.5484 0.5357
55200 0.7215 0.5281 0.7674 0.4203 0.5641 0.6795 0.4713 0.6269 0.4932 0.5205 0.6463 0.6066 0.6667
55800 0.6974 0.5610 0.5714 0.5000 0.5443 0.6286 0.5972 0.6316 0.5909 0.4675 0.7500 0.6463 0.5854
56400 0.8481 0.5823 0.7031 0.7375 0.6026 0.7662 0.5679 0.6164 0.7128 0.6456 0.6974 0.5781 0.5395
57000 0.7237 0.4615 0.5789 0.6269 0.3750 0.6585 0.6742 0.5833 0.6056 0.3483 0.4857 0.5211 0.5376
57600 0.8571 0.5934 0.7412 0.5167 0.3625 0.5625 0.4878 0.5132 0.6447 0.6462 0.8214 0.4884 0.4595
