0 0.3760
600 0.4700
1200 0.4800
1800 0.5020
2400 0.4760
3000 0.5480
3600 0.5500
4200 0.5640
4800 0.6320
5400 0.6260
6000 0.6960
6600 0.6440
7200 0.6840
7800 0.7180
8400 0.7240
9000 0.7540
9600 0.7700
10200 0.7820
10800 0.7760
11400 0.8040
12000 0.7680
12600 0.7860
13200 0.7960
13700 0.8060
13800 0.7920
14400 0.7620
15000 0.8240
15300 0.8230
15600 0.8500
16200 0.8240
16800 0.8260
17400 0.8440
18000 0.8480
18600 0.8160
19200 0.8040
19800 0.8093
20000 0.7559
20200 0.8547
20400 0.8305
20600 0.8262
20800 0.8090
21000 0.8287
21200 0.8560
21400 0.8300
21600 0.8367
21800 0.8220
22000 0.8060
22200 0.8260
22400 0.8340
22600 0.8310
22800 0.8360
23000 0.8555
23200 0.8360
23400 0.7610
23600 0.8222
23800 0.8192
24000 0.8240
24200 0.8080
24400 0.7730
24600 0.8164
24800 0.7985
25000 0.8180
25200 0.8372
25400 0.7970
25600 0.7970
25800 0.7940
26000 0.8220
26200 0.7820
26400 0.8287
26600 0.8470
26800 0.8135
27000 0.8020
27200 0.8200
27400 0.8105
27600 0.8156
27800 0.8455
28000 0.8160
28200 0.8308
28400 0.8360
28600 0.8305
28800 0.8527
29000 0.8270
29200 0.7940
29400 0.8173
29600 0.8140
29800 0.8520
30000 0.7700
30200 0.7575
30400 0.8167
30600 0.8359
30800 0.8310
31000 0.8030
31200 0.8027
31400 0.8170
31600 0.8370
31800 0.8440
32000 0.8550
32200 0.7950
32400 0.8313
32600 0.8610
32800 0.8980
33000 0.8427
33200 0.8370
33400 0.8550
33600 0.8508
33800 0.8593
34000 0.8510
34200 0.8520
34400 0.8380
34600 0.8235
34800 0.8036
35000 0.8085
35200 0.8310
35400 0.8207
35600 0.8690
35800 0.8500
36000 0.8587
36200 0.8630
36400 0.8750
36600 0.8473
36800 0.8760
37000 0.8795
37200 0.8852
37400 0.9000
37600 0.8665
37800 0.8792
38000 0.8495
38100 0.8634
38200 0.8755
38400 0.8512
38600 0.8695
38800 0.8632
39000 0.8693
39200 0.8400
39400 0.8530
39600 0.8760
39800 0.8670
40000 0.8982
40200 0.8882
40400 0.8392
40600 0.8500
40800 0.8693
41000 0.8400
41200 0.8910
41400 0.8540
41600 0.8060
41800 0.8510
42000 0.8147
42200 0.8550
42400 0.8340
42600 0.8267
42800 0.8860
43000 0.8440
43200 0.8500
43400 0.8495
43600 0.8770
43800 0.8644
43900 0.8861
44000 0.8535
44200 0.8705
44400 0.8488
44600 0.8780
44800 0.8635
45000 0.8760
45200 0.8915
45400 0.8824
45600 0.8353
45800 0.8600
46000 0.8500
46200 0.8800
46400 0.8670
46600 0.8630
46800 0.8544
47000 0.8580
47200 0.8525
47400 0.8772
47600 0.8745
47800 0.8625
48000 0.8792
48200 0.8865
48400 0.8680
48600 0.8108
48800 0.8794
49000 0.8650
49200 0.8673
49400 0.8820
49600 0.8630
49800 0.8420
50000 0.8200
50200 0.8333
50400 0.8506
50600 0.8858
50800 0.8532
51000 0.8873
51200 0.8910
51400 0.8560
51600 0.9007
51800 0.8740
52000 0.8510
52200 0.8373
52400 0.8760
52600 0.8470
52800 0.8660
53000 0.8590
53200 0.8370
53400 0.8476
53600 0.8625
53800 0.8690
54000 0.8528
54200 0.8415
54400 0.8725
54600 0.8572
54800 0.8805
55000 0.8365
55200 0.8400
55400 0.8410
55600 0.8590
55800 0.8732
56000 0.8670
56200 0.8475
56400 0.8656
56600 0.8380
56800 0.8690
57000 0.8552
57200 0.8455
57400 0.8865
57600 0.8667
