0 0.3760
600 0.4700
1200 0.4800
1800 0.5020
2400 0.4760
3000 0.5480
3600 0.5500
4200 0.5640
4800 0.6320
5400 0.6260
6000 0.6960
6600 0.6440
7200 0.6840
7800 0.7180
8400 0.7240
9000 0.7540
9600 0.7700
10200 0.7820
10800 0.7760
11400 0.8040
12000 0.7680
12600 0.7860
13200 0.7960
13700 0.8060
13800 0.7920
14400 0.7620
15000 0.8240
15300 0.8230
15600 0.8500
16200 0.8240
16800 0.8260
17400 0.8440
18000 0.8480
18600 0.8160
19200 0.8040
19800 0.8093
20400 0.8480
21000 0.8480
21600 0.8300
22200 0.8300
22800 0.8220
23000 0.8680
23400 0.7800
24000 0.8220
24600 0.8080
25200 0.8160
25800 0.7800
26400 0.8180
27000 0.7720
27600 0.8100
28200 0.8320
28800 0.8500
29400 0.8320
30000 0.7680
30600 0.7980
31200 0.7820
31800 0.8320
32400 0.8220
33000 0.8440
33600 0.8440
33800 0.8560
34200 0.8600
34800 0.8100
35400 0.8440
36000 0.8880
36600 0.8660
37200 0.8820
37800 0.8960
38100 0.8634
38400 0.8520
39000 0.8900
39600 0.8900
40200 0.8910
40800 0.8720
41400 0.8220
41600 0.7990
42000 0.7940
42600 0.8100
43200 0.8740
43800 0.8580
43900 0.8861
44400 0.8660
44800 0.8723
45000 0.8980
45600 0.8480
46200 0.8820
46800 0.8500
47400 0.8800
48000 0.8780
48600 0.7880
49200 0.8760
49800 0.8480
50400 0.8500
51000 0.8900
51600 0.8940
52200 0.8340
52800 0.8780
53400 0.8440
54000 0.8520
54600 0.8380
55200 0.8500
55800 0.8660
56400 0.8580
57000 0.8800
57600 0.8680
