0 0.1523
600 0.1150
1200 0.1030
1800 0.1260
2400 0.1609
3000 0.1550
3600 0.1660
4200 0.1600
4800 0.1890
5400 0.2000
6000 0.2420
6600 0.2350
7200 0.2540
7800 0.2950
8400 0.2150
9000 0.2940
9600 0.3480
10200 0.3070
10800 0.3790
11400 0.3250
12000 0.3600
12600 0.3370
13200 0.3790
13700 0.3795
13800 0.4500
14400 0.3840
15000 0.4350
15300 0.4223
15600 0.4600
16200 0.4720
16800 0.4390
17400 0.5130
18000 0.4380
18600 0.5980
19200 0.4210
19800 0.4478
20400 0.5070
21000 0.6160
21600 0.5670
22200 0.4980
22800 0.5600
23000 0.5143
23400 0.4010
24000 0.5470
24600 0.5560
25200 0.5500
25800 0.4660
26400 0.5530
27000 0.5712
27600 0.5480
28200 0.6300
28800 0.5580
29400 0.4560
30000 0.4080
30600 0.5400
31200 0.5480
31800 0.5030
32400 0.6470
33000 0.4980
33600 0.5300
33800 0.7100
34200 0.5350
34800 0.5100
35400 0.5510
36000 0.5810
36600 0.5800
37200 0.6320
37800 0.7040
38100 0.6218
38400 0.5510
39000 0.5550
39600 0.6710
40200 0.6927
40800 0.5900
41400 0.6120
41600 0.5564
42000 0.4900
42600 0.5880
43200 0.5660
43800 0.5749
43900 0.6614
44400 0.5840
44800 0.6238
45000 0.6600
45600 0.6260
46200 0.5970
46800 0.6330
47400 0.6940
48000 0.7190
48600 0.5460
49200 0.5390
49800 0.5470
50400 0.5547
51000 0.6870
51600 0.6990
52200 0.5357
52800 0.6630
53400 0.5800
54000 0.5520
54600 0.6100
55200 0.5950
55800 0.5940
56400 0.6630
57000 0.5530
57600 0.5940
