0 0.0990
200 0.1330
400 0.1810
600 0.2850
800 0.2710
1000 0.2830
1200 0.2620
1400 0.3570
1600 0.3430
1800 0.3670
2000 0.3600
2200 0.4020
2400 0.3840
2600 0.3930
2800 0.4890
3000 0.4340
3200 0.4690
3400 0.4610
3600 0.4760
3800 0.4990
4000 0.5140
4200 0.5320
4400 0.5570
4600 0.5260
4800 0.4820
5000 0.4790
5200 0.5280
5400 0.5620
5600 0.5690
5800 0.5900
6000 0.5450
6200 0.4820
6400 0.5090
6600 0.5420
6800 0.5620
7000 0.6290
7200 0.5960
7400 0.5260
7600 0.6150
7800 0.6110
8000 0.5260
8200 0.6050
8400 0.5970
8600 0.5890
8800 0.6340
9000 0.5390
9200 0.5190
9400 0.5370
9600 0.5720
9800 0.6310
10000 0.6200
10200 0.6310
10400 0.5890
10600 0.5610
10800 0.5570
11000 0.5980
11200 0.6510
11400 0.5980
11600 0.6580
