0 0.1502
200 0.0710
400 0.0900
600 0.1080
800 0.0950
1000 0.1540
1200 0.1185
1400 0.1140
1600 0.1200
1800 0.1190
2000 0.1440
2200 0.1450
2400 0.1610
2600 0.1271
2800 0.1510
3000 0.1560
3200 0.1440
3400 0.1320
3600 0.1620
3800 0.1640
4000 0.1620
4200 0.1695
4400 0.1470
4600 0.1920
4800 0.1860
5000 0.1950
5200 0.2180
5400 0.2055
5600 0.2150
5800 0.2040
6000 0.2390
6200 0.2110
6400 0.2320
6600 0.2410
6800 0.2050
7000 0.1950
7200 0.2510
7400 0.2440
7600 0.2180
7800 0.2905
8000 0.2470
8200 0.2480
8400 0.2135
8600 0.2800
8800 0.2620
9000 0.2915
9200 0.3230
9400 0.2920
9600 0.3570
9800 0.3440
10000 0.3406
10200 0.3130
10400 0.3710
10600 0.3930
10800 0.3745
11000 0.3220
11200 0.3220
11400 0.3275
11600 0.3500
11800 0.3720
12000 0.3720
12200 0.3960
12400 0.4190
12600 0.3470
12800 0.3790
13000 0.3800
13200 0.3870
13400 0.4190
13600 0.4350
13700 0.3795
13800 0.4305
14000 0.3790
14200 0.4260
14400 0.4005
14600 0.3860
14800 0.4820
15000 0.4515
15200 0.4980
15300 0.4223
15400 0.5050
15600 0.4590
15800 0.4280
16000 0.4610
16200 0.4610
16400 0.5070
16600 0.4470
16800 0.4465
17000 0.6110
17200 0.5200
17400 0.5185
17600 0.5234
17800 0.4710
18000 0.4415
18200 0.5100
18400 0.5110
18600 0.5775
18800 0.5060
19000 0.4540
19200 0.4240
19400 0.4790
19600 0.4010
19800 0.4203
20000 0.3783
20200 0.4864
20400 0.5226
20600 0.4661
20800 0.4708
21000 0.5803
21200 0.6213
21400 0.4937
21600 0.5603
21800 0.4937
22000 0.5127
22200 0.4793
22400 0.6090
22600 0.5107
22800 0.5525
23000 0.5156
23200 0.4603
23400 0.3997
23600 0.4763
23800 0.4644
24000 0.5567
24200 0.5393
24400 0.4500
24600 0.5525
24800 0.5059
25000 0.5167
25200 0.5467
25400 0.5504
25600 0.5010
25800 0.4807
26000 0.4205
26200 0.5405
26400 0.5883
26600 0.4955
26800 0.5780
27000 0.5822
27200 0.4903
27400 0.5970
27600 0.5497
27800 0.6053
28000 0.5433
28200 0.6280
28400 0.5610
28600 0.6020
28800 0.5502
29000 0.5905
29200 0.4540
29400 0.4553
29600 0.4805
29800 0.5355
30000 0.3954
30200 0.4721
30400 0.5289
30600 0.5444
30800 0.6165
31000 0.6193
31200 0.5165
31400 0.5887
31600 0.6410
31800 0.5168
32000 0.5549
32200 0.5340
32400 0.6432
32600 0.6080
32800 0.6600
33000 0.5135
33200 0.5600
33400 0.5757
33600 0.5373
33800 0.7112
34000 0.6123
34200 0.5400
34400 0.6030
34600 0.5177
34800 0.5125
35000 0.6057
35200 0.5037
35400 0.5555
35600 0.6420
35800 0.5065
36000 0.5813
36200 0.6695
36400 0.5590
36600 0.5727
36800 0.5800
37000 0.6537
37200 0.6352
37400 0.7023
37600 0.6030
37800 0.6797
38000 0.6473
38100 0.6218
38200 0.6273
38400 0.5645
38600 0.5393
38800 0.5980
39000 0.5627
39200 0.5155
39400 0.5205
39600 0.6683
39800 0.5945
40000 0.6830
40200 0.6887
40400 0.5594
40600 0.6100
40800 0.5890
41000 0.6117
41200 0.6523
41400 0.6122
41600 0.5431
41800 0.5770
42000 0.4730
42200 0.5520
42400 0.5817
42600 0.5695
42800 0.5863
43000 0.5647
43200 0.5615
43400 0.6057
43600 0.6177
43800 0.5805
43900 0.6614
44000 0.6287
44200 0.5340
44400 0.5735
44600 0.6697
44800 0.6212
45000 0.6360
45200 0.6070
45400 0.6350
45600 0.6237
45800 0.6470
46000 0.7000
46200 0.5697
46400 0.6520
46600 0.5824
46800 0.6178
47000 0.6223
47200 0.6387
47400 0.6865
47600 0.6170
47800 0.5620
48000 0.6885
48200 0.6220
48400 0.6167
48600 0.5677
48800 0.6047
49000 0.5920
49200 0.5423
49400 0.6295
49600 0.6940
49800 0.5450
50000 0.5287
50200 0.5851
50400 0.5379
50600 0.7266
50800 0.6854
51000 0.6820
51200 0.6573
51400 0.6847
51600 0.7043
51800 0.6430
52000 0.5680
52200 0.5143
52400 0.5640
52600 0.6300
52800 0.6392
53000 0.6097
53200 0.6197
53400 0.5657
53600 0.5471
53800 0.6557
54000 0.5740
54200 0.5773
54400 0.6027
54600 0.6145
54800 0.6323
55000 0.5140
55200 0.6170
55400 0.5825
55600 0.5577
55800 0.5913
56000 0.6123
56200 0.5707
56400 0.6475
56600 0.6207
56800 0.6340
57000 0.5500
57200 0.5360
57400 0.6843
57600 0.6142
