200 0.4350
400 0.4267
600 0.4650
800 0.4433
1000 0.4683
1200 0.4650
1400 0.4967
1600 0.4833
1800 0.4950
2000 0.5500
2200 0.5483
2400 0.5217
2600 0.5367
2800 0.5450
3000 0.5150
3200 0.5433
3400 0.5417
3600 0.5250
3800 0.5417
4000 0.5450
4200 0.5817
4400 0.5867
4600 0.5717
4800 0.5817
5000 0.6050
5200 0.5933
5400 0.6033
5600 0.6167
5800 0.6550
6000 0.6567
6200 0.6467
6400 0.6817
6600 0.6900
6800 0.6517
7000 0.6400
7200 0.6600
7400 0.6833
7600 0.6733
7800 0.6200
8000 0.6750
8200 0.6550
8400 0.6483
8600 0.6817
8800 0.6783
9000 0.6900
9200 0.7000
9400 0.6833
9600 0.6950
9800 0.6833
10000 0.6783
10200 0.6783
10400 0.7117
10600 0.6733
10800 0.6817
11000 0.6983
11200 0.7083
11400 0.6633
11600 0.6767
11800 0.6717
12000 0.7167
12200 0.6300
12400 0.6250
12600 0.6500
12800 0.6983
13000 0.7433
13200 0.7617
13400 0.7350
13600 0.7350
13800 0.7733
14000 0.7183
14200 0.7683
14400 0.7683
14600 0.7783
14800 0.7650
15000 0.7917
15200 0.7667
15400 0.8300
15600 0.7467
15800 0.7917
16000 0.7750
16200 0.7483
16400 0.7383
16600 0.7700
16800 0.7783
17000 0.8117
17200 0.8083
17400 0.7867
17600 0.7850
17800 0.8283
18000 0.8083
18200 0.8017
18400 0.7917
18600 0.8300
18800 0.8267
19000 0.8017
19200 0.8167
19400 0.7617
19600 0.8350
19800 0.8100
20000 0.7967
20200 0.8100
20400 0.8133
20600 0.8100
20800 0.8050
21000 0.8317
21200 0.8350
21400 0.7900
21600 0.7267
21800 0.7517
22000 0.8100
22200 0.8033
22400 0.8250
22600 0.7850
22800 0.8533
23000 0.8467
23200 0.8133
23400 0.8100
23600 0.7900
23800 0.7483
24000 0.7583
