200 0.4433
400 0.4250
600 0.4867
800 0.4483
1000 0.4933
1200 0.5033
1400 0.5333
1600 0.5133
1800 0.5250
2000 0.5183
2200 0.5383
2400 0.5183
2600 0.5100
2800 0.5683
3000 0.5467
3200 0.5783
3400 0.5217
3600 0.5367
3800 0.5333
4000 0.5917
4200 0.5950
4400 0.5983
4600 0.5450
4800 0.6133
5000 0.5817
5200 0.6233
5400 0.6383
5600 0.6533
5800 0.6600
6000 0.6150
6200 0.6350
6400 0.6633
6600 0.6333
6800 0.6650
7000 0.6367
7200 0.7100
7400 0.6317
7600 0.6483
7800 0.6367
8000 0.6750
8200 0.6917
8400 0.6817
8600 0.7050
8800 0.7000
9000 0.6717
9200 0.6967
9400 0.6700
9600 0.6700
9800 0.6833
10000 0.7000
10200 0.7000
10400 0.7517
10600 0.7283
10800 0.7350
11000 0.7267
11200 0.7333
11400 0.7950
11600 0.7600
11800 0.7767
12000 0.7067
12200 0.6783
12400 0.7167
12600 0.7217
12800 0.7417
13000 0.7550
13200 0.7700
13400 0.7667
13600 0.7567
13800 0.7617
14000 0.7450
14200 0.7767
14400 0.7717
14600 0.7683
14800 0.7683
15000 0.7600
15200 0.7617
15400 0.7667
15600 0.7600
15800 0.7567
16000 0.7250
16200 0.7283
16400 0.7817
16600 0.7550
16800 0.8300
17000 0.7967
17200 0.7600
17400 0.7550
17600 0.8067
17800 0.7800
18000 0.7433
18200 0.6617
18400 0.7933
18600 0.7667
18800 0.7400
19000 0.7367
19200 0.7650
19400 0.7700
19600 0.7967
19800 0.7900
20000 0.7833
20200 0.8383
20400 0.8417
20600 0.7900
20800 0.7917
21000 0.8600
21200 0.8483
21400 0.7267
21600 0.7833
21800 0.7783
22000 0.8433
22200 0.8150
22400 0.7483
22600 0.7617
22800 0.7667
23000 0.8017
23200 0.7350
23400 0.7617
23600 0.7800
23800 0.7517
24000 0.7033
24200 0.8133
