0 0.1953
200 0.1330
400 0.1170
600 0.1460
800 0.2340
1000 0.2350
1200 0.2620
1400 0.3050
1600 0.2950
1800 0.3250
2000 0.3570
2200 0.4090
2400 0.3660
2600 0.4090
2800 0.3930
3000 0.4530
3200 0.4440
3400 0.3930
3600 0.4870
3800 0.4820
4000 0.4050
4200 0.4590
4400 0.4670
4600 0.4080
4800 0.4390
5000 0.5070
5200 0.4580
5400 0.5200
5600 0.5030
5800 0.5030
6000 0.4210
6200 0.4730
6400 0.4500
6600 0.4340
6800 0.5280
7000 0.4920
7200 0.5690
7400 0.5490
7600 0.5280
7800 0.6020
8000 0.5390
8200 0.5580
8400 0.5530
8600 0.4670
8800 0.5590
9000 0.5920
9200 0.6420
9400 0.6500
9600 0.6630
9800 0.5980
10000 0.7570
10200 0.6600
10400 0.6990
10600 0.7050
10800 0.7550
11000 0.7860
11200 0.7100
11400 0.7690
11600 0.6500
11800 0.7810
12000 0.6840
12200 0.7790
12400 0.7080
12600 0.7880
12800 0.7520
13000 0.8050
13200 0.6940
13400 0.6990
13600 0.7410
13800 0.7520
14000 0.7380
14200 0.6880
14400 0.6760
14600 0.7070
14800 0.7470
15000 0.6840
15200 0.7040
15400 0.7140
15600 0.7110
15800 0.7630
16000 0.7030
16200 0.7490
16400 0.7560
16600 0.7330
16800 0.7680
17000 0.6480
17200 0.6610
17400 0.6990
17600 0.7370
17800 0.7240
18000 0.6840
18200 0.7050
18400 0.6450
18600 0.6210
18800 0.6190
19000 0.7080
19200 0.6110
19400 0.6940
19600 0.7940
19800 0.7560
20000 0.7610
20200 0.7280
20400 0.7380
20600 0.7170
20800 0.7290
21000 0.7240
21200 0.7710
21400 0.7420
21600 0.6750
21800 0.7740
22000 0.7970
22200 0.6960
22400 0.8390
22600 0.7360
22800 0.7370
23000 0.8010
23200 0.8090
23400 0.7810
23600 0.6580
23800 0.7960
24000 0.8190
24200 0.6880
24400 0.7010
24600 0.7400
24800 0.7590
24900 0.7740
