0 0.1039
200 0.0800
400 0.0973
600 0.0993
800 0.1500
1000 0.1293
1200 0.1273
1400 0.1720
1600 0.1853
1800 0.1560
2000 0.1547
2200 0.1293
2400 0.1302
2600 0.1500
2800 0.1587
3000 0.1640
3200 0.1233
3400 0.1540
3600 0.1580
3800 0.1455
4000 0.1485
4200 0.1419
4400 0.1485
4600 0.1815
4800 0.1667
5000 0.1799
5200 0.2046
5400 0.1815
5600 0.1997
5800 0.1980
6000 0.2013
6200 0.2195
6400 0.1898
6600 0.2096
6800 0.2393
7000 0.2129
7200 0.2393
7400 0.2145
7600 0.2393
7800 0.2525
8000 0.2360
8200 0.2129
8400 0.2558
8600 0.2772
8800 0.2937
9000 0.3267
9200 0.3432
9400 0.2987
9600 0.3333
9800 0.3531
10000 0.3564
10200 0.3647
10400 0.3317
10600 0.3762
10800 0.3911
11000 0.3366
11200 0.4026
11400 0.3762
11600 0.3581
11800 0.4422
12000 0.4340
12200 0.3894
12400 0.4109
12600 0.3333
12800 0.4274
13000 0.3630
13200 0.4373
13400 0.3713
13600 0.4323
13800 0.4076
14000 0.3960
14200 0.4686
14400 0.4290
14600 0.4703
14800 0.4323
15000 0.4653
15200 0.4455
15400 0.4571
15600 0.4406
15800 0.4571
16000 0.4059
16200 0.3812
16400 0.4125
16600 0.3944
16800 0.4191
17000 0.4505
17200 0.4785
17400 0.4092
17600 0.4521
17800 0.4818
18000 0.5264
18200 0.4422
18400 0.4538
18600 0.4917
18800 0.4934
19000 0.4323
19200 0.5149
19400 0.5149
19600 0.5429
19800 0.5017
20000 0.4505
20200 0.4620
20400 0.4373
20600 0.5660
20800 0.4851
21000 0.5314
21200 0.4934
21400 0.5974
21600 0.5017
21800 0.4604
22000 0.5116
22200 0.4406
22400 0.5479
22600 0.4785
22800 0.4719
23000 0.5000
23200 0.4158
23400 0.5413
23600 0.4422
23800 0.4356
