0 0.3767
200 0.4150
400 0.5083
600 0.5450
800 0.5717
1000 0.5900
1200 0.5817
1400 0.6650
1600 0.6350
1800 0.7017
2000 0.7233
2200 0.7033
2400 0.7367
2600 0.8083
2800 0.7417
3000 0.7983
3200 0.7900
3400 0.8133
3600 0.8083
3800 0.8417
4000 0.8667
4200 0.8083
4400 0.8450
4600 0.8650
4800 0.9050
5000 0.8467
5200 0.8867
5400 0.8800
5600 0.8950
5800 0.8467
6000 0.8883
6200 0.8550
6400 0.8850
6600 0.8633
6800 0.8933
7000 0.8967
7200 0.8900
7400 0.9017
7600 0.8850
7800 0.9100
8000 0.8983
8200 0.9067
8400 0.9117
8600 0.9150
8800 0.9033
9000 0.9033
9200 0.9050
9400 0.9017
9600 0.8983
9800 0.9117
10000 0.8783
10200 0.9050
10400 0.8950
10600 0.8700
10800 0.9017
11000 0.8750
11200 0.9183
11400 0.9133
11600 0.8900
11800 0.8917
12000 0.8900
12200 0.8800
12400 0.8917
12600 0.8700
12800 0.9033
13000 0.8800
13200 0.8750
13400 0.8867
13600 0.9200
13800 0.8700
14000 0.9133
14200 0.8867
14400 0.8867
14600 0.8950
14800 0.8900
15000 0.9033
15200 0.8867
15400 0.9350
15600 0.9167
15800 0.9017
16000 0.8383
16200 0.9133
16400 0.9117
16600 0.9033
16800 0.8817
17000 0.8983
17200 0.9017
17400 0.9083
17600 0.9050
17800 0.8983
18000 0.9233
18200 0.8967
18400 0.9000
18600 0.9050
18800 0.8900
19000 0.8967
19200 0.8867
19400 0.9083
19600 0.8783
19800 0.9000
20000 0.8883
20200 0.8583
20400 0.8783
20600 0.9233
20800 0.8367
21000 0.9100
21200 0.9117
21400 0.9250
21600 0.9183
21800 0.9033
22000 0.9217
22200 0.9067
22400 0.9133
22600 0.9317
22800 0.8783
23000 0.9133
23200 0.9317
23400 0.9217
23600 0.9450
23800 0.9233
24000 0.9133
24200 0.9167
24400 0.9133
24500 0.9017
