200 0.4433
400 0.4517
600 0.4833
800 0.4667
1000 0.4667
1200 0.5050
1400 0.4800
1600 0.5317
1800 0.5350
2000 0.5100
2200 0.5333
2400 0.5233
2600 0.5483
2800 0.5233
3000 0.5283
3200 0.5067
3400 0.5200
3600 0.5450
3800 0.5633
4000 0.5650
4200 0.5450
4400 0.5750
4600 0.5950
4800 0.5783
5000 0.6117
5200 0.5950
5400 0.6283
5600 0.6200
5800 0.6650
6000 0.6483
6200 0.6550
6400 0.6800
6600 0.7200
6800 0.6783
7000 0.6933
7200 0.7050
7400 0.6750
7600 0.7083
7800 0.7233
8000 0.7000
8200 0.7150
8400 0.7117
8600 0.7033
8800 0.7167
9000 0.7117
9200 0.7533
9400 0.7483
9600 0.7300
9800 0.7333
10000 0.7383
10200 0.7800
10400 0.7783
10600 0.7833
10800 0.7633
11000 0.7733
11200 0.7933
11400 0.7533
11600 0.7867
11800 0.7267
12000 0.8200
12200 0.7967
12400 0.7750
12600 0.7450
12800 0.7333
13000 0.7950
13200 0.7617
13400 0.7267
13600 0.7750
13800 0.8000
14000 0.7950
14200 0.8017
14400 0.7983
14600 0.7933
14800 0.8017
15000 0.8183
15200 0.7750
15400 0.8183
15600 0.8267
15800 0.7733
16000 0.8483
16200 0.7933
16400 0.7950
16600 0.8283
16800 0.7783
17000 0.8283
17200 0.8167
17400 0.8533
17600 0.7683
17800 0.8033
18000 0.8033
18200 0.8017
18400 0.8317
18600 0.8283
18800 0.7833
19000 0.8200
19200 0.8100
19400 0.8250
19600 0.8383
19800 0.8383
20000 0.8333
20200 0.8217
20400 0.8333
20600 0.8517
20800 0.8317
21000 0.8217
21200 0.8050
21400 0.7750
21600 0.8500
21800 0.8100
22000 0.7383
22200 0.8217
22400 0.8517
22600 0.8217
22800 0.7917
23000 0.8233
23200 0.8200
23400 0.8250
23600 0.7967
23800 0.8283
24000 0.8183
24200 0.8300
24400 0.8033
24600 0.7700
24800 0.8533
25000 0.8150
