0 0.0644
200 0.0933
400 0.0793
600 0.1000
800 0.1287
1000 0.1207
1200 0.1427
1400 0.1507
1600 0.1547
1800 0.1533
2000 0.1527
2200 0.1627
2400 0.1667
2600 0.1620
2800 0.1620
3000 0.1420
3200 0.1587
3400 0.1640
3600 0.1380
3800 0.1773
4000 0.1782
4200 0.1683
4400 0.1667
4600 0.1766
4800 0.1865
5000 0.1716
5200 0.1898
5400 0.1997
5600 0.1914
5800 0.1898
6000 0.1815
6200 0.1881
6400 0.2459
6600 0.2162
6800 0.2475
7000 0.2327
7200 0.2855
7400 0.2673
7600 0.2855
7800 0.3152
8000 0.2805
8200 0.2739
8400 0.2723
8600 0.3185
8800 0.2921
9000 0.2277
9200 0.2805
9400 0.2739
9600 0.2475
9800 0.2145
10000 0.2591
10200 0.3300
10400 0.3647
10600 0.3366
10800 0.3284
11000 0.3135
11200 0.3201
11400 0.3317
11600 0.4703
11800 0.3036
12000 0.3267
12200 0.3812
12400 0.4026
12600 0.4191
12800 0.4130
13000 0.4059
13200 0.4191
13400 0.4026
13600 0.4356
13800 0.4059
14000 0.3894
14200 0.3927
14400 0.4257
14600 0.4142
14800 0.4455
15000 0.3482
15200 0.4356
15400 0.4356
15600 0.3861
15800 0.4818
16000 0.4175
16200 0.4208
16400 0.4274
16600 0.4323
16800 0.5017
17000 0.4571
17200 0.5380
17400 0.4868
17600 0.5594
17800 0.4620
18000 0.3498
18200 0.2525
18400 0.4653
18600 0.4934
18800 0.2838
19000 0.2871
19200 0.4257
19400 0.5578
19600 0.4719
19800 0.4752
20000 0.4620
20200 0.4554
20400 0.5611
20600 0.4010
20800 0.3878
21000 0.5297
21200 0.5215
21400 0.3449
21600 0.6205
21800 0.5182
22000 0.5099
22200 0.4224
22400 0.3861
22600 0.3812
22800 0.4290
23000 0.3993
23200 0.5000
23400 0.5561
23600 0.4670
23800 0.4472
24000 0.4010
24200 0.4340
