200 0.4583
400 0.4567
600 0.4200
800 0.4517
1000 0.4400
1200 0.5050
1400 0.5267
1600 0.4800
1800 0.5017
2000 0.4717
2200 0.4867
2400 0.4800
2600 0.5017
2800 0.5067
3000 0.5050
3200 0.5567
3400 0.5450
3600 0.5567
3800 0.5083
4000 0.5150
4200 0.5700
4400 0.5767
4600 0.5817
4800 0.5833
5000 0.5933
5200 0.6200
5400 0.6217
5600 0.6500
5800 0.6433
6000 0.6317
6200 0.6800
6400 0.6250
6600 0.6567
6800 0.6200
7000 0.6600
7200 0.6667
7400 0.6567
7600 0.6350
7800 0.6867
8000 0.6767
8200 0.6400
8400 0.7067
8600 0.6667
8800 0.7133
9000 0.7250
9200 0.6683
9400 0.6983
9600 0.6767
9800 0.7000
10000 0.6733
10200 0.7100
10400 0.7283
10600 0.6967
10800 0.7250
11000 0.7300
11200 0.7417
11400 0.6800
11600 0.7050
11800 0.7267
12000 0.7500
12200 0.7300
12400 0.7283
12600 0.7483
12800 0.7750
13000 0.7450
13200 0.7583
13400 0.7367
13600 0.7967
13800 0.7450
14000 0.7867
14200 0.7817
14400 0.7717
14600 0.7900
14800 0.8367
15000 0.7883
15200 0.8000
15400 0.8067
15600 0.7633
15800 0.7883
16000 0.7650
16200 0.7583
16400 0.7983
16600 0.8400
16800 0.8283
17000 0.7550
17200 0.7733
17400 0.7383
17600 0.7667
17800 0.8000
18000 0.7650
18200 0.8300
18400 0.8067
18600 0.8267
18800 0.8333
19000 0.8033
19200 0.7967
19400 0.7217
19600 0.8283
19800 0.8283
20000 0.7900
20200 0.8083
20400 0.7950
20600 0.8167
20800 0.7750
21000 0.8550
21200 0.4533
21400 0.4750
21600 0.4700
21800 0.3817
22000 0.5650
22200 0.4300
22400 0.4800
22600 0.5517
22800 0.5467
23000 0.4950
23200 0.5117
23400 0.4450
