0 0.0804
200 0.0807
400 0.0733
600 0.0873
800 0.0940
1000 0.0967
1200 0.1293
1400 0.1207
1600 0.1333
1800 0.1373
2000 0.1447
2200 0.1567
2400 0.1500
2600 0.1733
2800 0.1427
3000 0.1367
3200 0.1293
3400 0.1307
3600 0.1340
3800 0.1391
4000 0.1617
4200 0.1386
4400 0.1766
4600 0.1667
4800 0.1551
5000 0.1485
5200 0.1733
5400 0.1733
5600 0.1914
5800 0.2096
6000 0.2195
6200 0.2211
6400 0.2030
6600 0.2195
6800 0.2162
7000 0.2277
7200 0.2294
7400 0.2261
7600 0.2640
7800 0.2706
8000 0.2409
8200 0.2442
8400 0.2442
8600 0.2541
8800 0.2855
9000 0.2690
9200 0.2756
9400 0.2277
9600 0.2772
9800 0.2838
10000 0.2525
10200 0.2822
10400 0.2558
10600 0.2574
10800 0.2607
11000 0.3300
11200 0.2871
11400 0.2508
11600 0.3185
11800 0.3119
12000 0.3201
12200 0.2459
12400 0.3036
12600 0.3102
12800 0.3119
13000 0.3713
13200 0.3531
13400 0.3581
13600 0.3498
13800 0.3960
14000 0.3581
14200 0.3300
14400 0.4356
14600 0.3878
14800 0.4455
15000 0.4587
15200 0.4241
15400 0.4241
15600 0.3515
15800 0.3663
16000 0.3449
16200 0.3762
16400 0.4241
16600 0.4158
16800 0.4274
17000 0.4472
17200 0.4373
17400 0.4323
17600 0.3795
17800 0.5314
18000 0.3861
18200 0.4274
18400 0.4158
18600 0.4323
18800 0.4142
19000 0.4686
19200 0.5132
19400 0.3878
19600 0.4620
19800 0.4967
20000 0.4934
20200 0.4686
20400 0.3432
20600 0.4554
20800 0.3861
21000 0.4884
21200 0.4802
21400 0.4422
21600 0.3119
21800 0.4191
22000 0.4505
22200 0.4406
22400 0.4439
22600 0.4274
22800 0.4686
23000 0.4934
23200 0.4472
23400 0.3878
23600 0.4026
23800 0.3960
24000 0.3944
