0 0.1617
200 0.1007
400 0.1056
600 0.1122
800 0.1320
1000 0.1287
1200 0.1551
1400 0.1155
1600 0.1139
1800 0.1700
2000 0.1518
2200 0.1386
2400 0.1502
2600 0.1238
2800 0.1221
3000 0.1073
3200 0.1353
3400 0.1469
3600 0.1634
3800 0.1584
4000 0.1518
4200 0.1502
4400 0.1634
4600 0.1634
4800 0.1320
5000 0.1947
5200 0.2046
5400 0.1799
5600 0.1716
5800 0.1974
6000 0.2046
6200 0.2442
6400 0.2261
6600 0.2409
6800 0.2673
7000 0.2442
7200 0.2591
7400 0.1980
7600 0.2706
7800 0.2541
8000 0.2228
8200 0.2228
8400 0.3204
8600 0.2426
8800 0.2805
9000 0.2294
9200 0.2657
9400 0.2541
9600 0.2888
9800 0.2657
10000 0.2294
10200 0.2624
10400 0.3003
10600 0.3102
10800 0.3086
11000 0.3185
11200 0.3135
11400 0.2904
11600 0.2706
11800 0.2558
12000 0.3020
12200 0.3597
12400 0.3036
12600 0.4158
12800 0.3597
13000 0.3960
13200 0.3795
13400 0.3680
13600 0.3779
13800 0.3597
14000 0.3911
14200 0.3696
14400 0.3828
14600 0.4604
14800 0.4356
15000 0.4901
15200 0.3482
15400 0.3861
15600 0.4620
15800 0.4439
16000 0.4092
16200 0.3432
16400 0.4835
16600 0.4389
16800 0.4554
17000 0.4323
17200 0.3201
17400 0.3284
17600 0.3515
17800 0.5446
18000 0.4191
18200 0.4719
18400 0.3746
18600 0.4158
18800 0.4967
19000 0.4653
19200 0.4785
19400 0.4670
19600 0.4521
19800 0.4686
20000 0.5000
20200 0.4769
20400 0.4967
20600 0.5099
20800 0.4769
21000 0.5363
21200 0.4224
21400 0.5066
21600 0.4290
21800 0.3944
22000 0.5281
22200 0.4241
22400 0.4868
22600 0.5627
22800 0.5149
23000 0.4901
23200 0.5479
23400 0.4175
