0 0.4567
200 0.5017
400 0.4667
600 0.5633
800 0.6283
1000 0.6700
1200 0.6600
1400 0.6917
1600 0.7633
1800 0.7283
2000 0.7767
2200 0.8200
2400 0.7817
2600 0.7933
2800 0.8100
3000 0.8133
3200 0.8400
3400 0.8250
3600 0.8850
3800 0.8067
4000 0.8183
4200 0.8733
4400 0.8567
4600 0.8433
4800 0.8367
5000 0.8783
5200 0.8350
5400 0.8533
5600 0.8267
5800 0.8933
6000 0.8283
6200 0.8667
6400 0.8433
6600 0.8800
6800 0.8900
7000 0.8700
7200 0.8917
7400 0.8800
7600 0.9067
7800 0.8833
8000 0.8850
8200 0.8583
8400 0.8900
8600 0.8317
8800 0.8483
9000 0.8850
9200 0.8917
9400 0.9083
9600 0.9033
9800 0.9067
10000 0.8883
10200 0.8900
10400 0.9317
10600 0.9167
10800 0.9217
11000 0.9133
11200 0.8983
11400 0.9283
11600 0.9083
11800 0.9417
12000 0.9217
12200 0.9250
12400 0.9167
12600 0.9183
12800 0.9417
13000 0.9083
13200 0.9283
13400 0.9217
13600 0.9067
13800 0.9333
14000 0.9350
14200 0.8983
14400 0.9183
14600 0.9117
14800 0.9250
15000 0.9000
15200 0.9167
15400 0.9017
15600 0.9100
15800 0.9250
16000 0.8900
16200 0.9067
16400 0.9300
16600 0.9083
16800 0.9067
17000 0.9133
17200 0.8850
17400 0.9050
17600 0.9050
17800 0.8950
18000 0.9233
18200 0.9317
18400 0.9250
18600 0.8983
18800 0.9083
19000 0.9083
19200 0.8967
19400 0.9267
19600 0.9250
19800 0.9300
20000 0.9167
20200 0.9083
20400 0.9200
20600 0.9033
20800 0.9350
21000 0.9267
21200 0.9300
21400 0.9133
21600 0.8883
21800 0.9450
22000 0.9400
22200 0.8917
22400 0.9500
22600 0.9283
22800 0.9483
23000 0.9167
23200 0.9233
23400 0.9150
23600 0.9217
23800 0.9233
24000 0.9217
24200 0.8933
24400 0.9117
24600 0.9217
24800 0.9167
24900 0.9300
