0 0.1428
200 0.0807
400 0.0993
600 0.0973
800 0.1387
1000 0.1387
1200 0.1447
1400 0.1487
1600 0.1693
1800 0.1760
2000 0.1573
2200 0.1720
2400 0.1580
2600 0.1673
2800 0.1713
3000 0.1573
3200 0.1373
3400 0.1640
3600 0.1693
3800 0.1634
4000 0.1700
4200 0.1700
4400 0.2027
4600 0.1766
4800 0.1518
5000 0.1865
5200 0.1782
5400 0.1898
5600 0.1782
5800 0.2393
6000 0.2376
6200 0.2310
6400 0.2525
6600 0.2376
6800 0.2376
7000 0.2690
7200 0.2937
7400 0.2393
7600 0.3135
7800 0.2492
8000 0.2739
8200 0.3020
8400 0.2805
8600 0.2739
8800 0.3086
9000 0.2624
9200 0.3102
9400 0.3234
9600 0.3300
9800 0.3234
10000 0.3630
10200 0.3251
10400 0.3168
10600 0.3284
10800 0.3465
11000 0.3630
11200 0.3713
11400 0.4241
11600 0.3960
11800 0.3944
12000 0.4208
12200 0.4059
12400 0.3762
12600 0.3465
12800 0.3333
13000 0.4191
13200 0.3812
13400 0.3729
13600 0.4290
13800 0.4241
14000 0.4142
14200 0.3960
14400 0.3746
14600 0.4373
14800 0.4340
15000 0.4076
15200 0.3449
15400 0.4257
15600 0.4719
15800 0.4554
16000 0.4274
16200 0.3746
16400 0.4290
16600 0.3762
16800 0.3944
17000 0.4868
17200 0.4587
17400 0.5281
17600 0.4191
17800 0.4257
18000 0.4208
18200 0.5825
18400 0.4307
18600 0.5380
18800 0.4785
19000 0.4686
19200 0.4868
19400 0.4505
19600 0.5314
19800 0.5165
20000 0.5231
20200 0.5512
20400 0.4422
20600 0.5924
20800 0.4901
21000 0.5149
21200 0.5413
21400 0.3977
21600 0.5578
21800 0.5050
22000 0.4571
22200 0.5545
22400 0.5677
22600 0.4653
22800 0.5132
23000 0.4769
23200 0.5297
23400 0.4851
23600 0.5033
23800 0.5281
24000 0.4323
24200 0.4703
24400 0.4934
24600 0.3828
24800 0.4901
25000 0.4703
