200 0.4617
400 0.4433
600 0.4717
800 0.4633
1000 0.5100
1200 0.4700
1400 0.4917
1600 0.4883
1800 0.4883
2000 0.5017
2200 0.4933
2400 0.5133
2600 0.5150
2800 0.5400
3000 0.5200
3200 0.5217
3400 0.5450
3600 0.5100
3800 0.5500
4000 0.5217
4200 0.6233
4400 0.5867
4600 0.5833
4800 0.6167
5000 0.6417
5200 0.6550
5400 0.6333
5600 0.6517
5800 0.6500
6000 0.6267
6200 0.6500
6400 0.6233
6600 0.6517
6800 0.6633
7000 0.6650
7200 0.6683
7400 0.6717
7600 0.6667
7800 0.7000
8000 0.6850
8200 0.6750
8400 0.7067
8600 0.7217
8800 0.7117
9000 0.7283
9200 0.7600
9400 0.7450
9600 0.7450
9800 0.7517
10000 0.7317
10200 0.7900
10400 0.7467
10600 0.7933
10800 0.7800
11000 0.7783
11200 0.8133
11400 0.7083
11600 0.7767
11800 0.8133
12000 0.8283
12200 0.7550
12400 0.7950
12600 0.7467
12800 0.7833
13000 0.7933
13200 0.7817
13400 0.7617
13600 0.8167
13800 0.7817
14000 0.8067
14200 0.8200
14400 0.8133
14600 0.8217
14800 0.8300
15000 0.8000
15200 0.8067
15400 0.8100
15600 0.8200
15800 0.8183
16000 0.7967
16200 0.8083
16400 0.7817
16600 0.8217
16800 0.7550
17000 0.8067
17200 0.8317
17400 0.8383
17600 0.8283
17800 0.8133
18000 0.8433
18200 0.8400
18400 0.7883
18600 0.8300
18800 0.8033
19000 0.8383
19200 0.8450
19400 0.8333
19600 0.8167
19800 0.8300
20000 0.8200
20200 0.8100
20400 0.8217
20600 0.8450
20800 0.8267
21000 0.8267
21200 0.7983
21400 0.7933
21600 0.7967
21800 0.8217
22000 0.8367
22200 0.8333
22400 0.8367
22600 0.8367
22800 0.7983
23000 0.8083
23200 0.8200
23400 0.8133
23600 0.7683
23800 0.7983
