0 0.1498
200 0.1180
400 0.1130
600 0.1400
800 0.1630
1000 0.1750
1200 0.1970
1400 0.1970
1600 0.2160
1800 0.2620
2000 0.2740
2200 0.2670
2400 0.2810
2600 0.3570
2800 0.3450
3000 0.3820
3200 0.3510
3400 0.3730
3600 0.3470
3800 0.4060
4000 0.4550
4200 0.4520
4400 0.4160
4600 0.4320
4800 0.4890
5000 0.4630
5200 0.4390
5400 0.4560
5600 0.4660
5800 0.4220
6000 0.4830
6200 0.4130
6400 0.4540
6600 0.5000
6800 0.5120
7000 0.5300
7200 0.5390
7400 0.5510
7600 0.5760
7800 0.5670
8000 0.6140
8200 0.5900
8400 0.5220
8600 0.6390
8800 0.6540
9000 0.6660
9200 0.6320
9400 0.6540
9600 0.6030
9800 0.6290
10000 0.6310
10200 0.6030
10400 0.6690
10600 0.6780
10800 0.6640
11000 0.5720
11200 0.6950
11400 0.6490
11600 0.7380
11800 0.6910
12000 0.6430
12200 0.6890
12400 0.6530
12600 0.6580
12800 0.6310
13000 0.7310
13200 0.6990
13400 0.6190
13600 0.7390
13800 0.6560
14000 0.7370
14200 0.6750
14400 0.6950
14600 0.6480
14800 0.5930
15000 0.6340
15200 0.7300
15400 0.8160
15600 0.6560
15800 0.7670
16000 0.5360
16200 0.7810
16400 0.7450
16600 0.6190
16800 0.6300
17000 0.6990
17200 0.7500
17400 0.7680
17600 0.8030
17800 0.6410
18000 0.7390
18200 0.6700
18400 0.7380
18600 0.6830
18800 0.7620
19000 0.7040
19200 0.7350
19400 0.6780
19600 0.7750
19800 0.6600
20000 0.7450
20200 0.5880
20400 0.6950
20600 0.7060
20800 0.5590
21000 0.7590
21200 0.7200
21400 0.7710
21600 0.6620
21800 0.6730
22000 0.7620
22200 0.6790
22400 0.7400
22600 0.7750
22800 0.5830
23000 0.7610
23200 0.7680
23400 0.6740
23600 0.8030
23800 0.7030
24000 0.7140
24200 0.7590
24400 0.7360
24500 0.7400
