400 0.1050
600 0.1233
800 0.1917
1000 0.1550
1200 0.1900
1400 0.2050
1600 0.1850
1800 0.2150
2000 0.2250
2200 0.2050
2400 0.2633
2600 0.2717
2800 0.2250
3000 0.2900
3200 0.2850
3400 0.2850
3600 0.2983
3800 0.2967
4000 0.3050
4200 0.2883
4400 0.2800
4600 0.3300
4800 0.3683
5000 0.3650
5200 0.3483
5400 0.4133
5600 0.4150
5800 0.3933
6000 0.4217
6200 0.3833
6400 0.3150
6600 0.3892
6800 0.3783
7000 0.4242
7200 0.4250
7400 0.5075
7600 0.4567
7800 0.4800
8000 0.4183
8200 0.4242
8400 0.3550
8600 0.4242
8800 0.3833
9000 0.4767
9200 0.3933
9400 0.4533
9600 0.4933
9800 0.5217
10000 0.4675
10200 0.4750
10400 0.5775
10600 0.5442
10800 0.5933
11000 0.5233
11200 0.5792
11400 0.5792
11600 0.5917
11800 0.5842
12000 0.6608
12200 0.5075
12400 0.4483
12600 0.5183
12800 0.4758
13000 0.6108
13200 0.5950
13400 0.5250
13600 0.6258
13800 0.5930
14000 0.6632
