200 0.4500
400 0.5071
600 0.5107
800 0.5821
1000 0.5500
1200 0.5857
1400 0.5750
1600 0.5571
1800 0.6107
2000 0.6286
2200 0.6464
2400 0.7000
2600 0.6893
2800 0.7214
3000 0.6821
3200 0.7429
3400 0.7143
3600 0.8143
3800 0.7929
4000 0.7214
4200 0.7643
4400 0.7750
4600 0.7929
4800 0.8179
5000 0.7429
5200 0.7964
5400 0.7536
5600 0.8536
5800 0.8214
6000 0.8357
6200 0.8393
6400 0.8571
6600 0.8593
6800 0.8562
7000 0.8578
7200 0.8266
7400 0.8547
7600 0.8438
7800 0.8313
8000 0.8344
8200 0.8828
8400 0.8594
8600 0.8375
8800 0.8797
9000 0.8516
9200 0.8688
9400 0.8656
9600 0.8187
9800 0.8547
10000 0.8531
10200 0.8719
10400 0.8641
10600 0.8641
10800 0.8828
11000 0.9047
11200 0.8812
11400 0.8781
11600 0.8656
11800 0.8969
12000 0.9156
12200 0.8984
12400 0.8891
12600 0.9016
12800 0.8906
13000 0.8562
13200 0.9125
13400 0.8484
13600 0.9031
13800 0.8938
14000 0.8634
