400 0.1633
600 0.1450
800 0.1433
1000 0.1600
1200 0.1550
1400 0.1750
1600 0.1750
1800 0.1750
2000 0.1900
2200 0.1933
2400 0.2467
2600 0.2533
2800 0.2467
3000 0.2433
3200 0.2550
3400 0.3283
3600 0.2600
3800 0.2517
4000 0.2917
4200 0.3067
4400 0.2917
4600 0.3433
4800 0.3967
5000 0.3950
5200 0.3783
5400 0.3500
5600 0.4433
5800 0.4267
6000 0.4467
6200 0.4300
6400 0.4633
6600 0.4583
6800 0.4825
7000 0.4700
7200 0.4658
7400 0.5275
7600 0.4592
7800 0.4567
8000 0.4608
8200 0.5317
8400 0.5725
8600 0.5533
8800 0.5892
9000 0.5600
9200 0.5108
9400 0.6183
9600 0.6433
9800 0.5467
10000 0.6000
10200 0.5708
10400 0.4783
10600 0.4708
10800 0.5183
11000 0.5217
11200 0.5525
11400 0.5200
11600 0.5142
11800 0.5383
12000 0.6900
12200 0.5992
12400 0.5800
12600 0.5017
12800 0.5325
13000 0.6958
13200 0.6608
13400 0.5508
13600 0.5400
13800 0.6225
14000 0.6725
14200 0.5052
