400 0.1117
600 0.1550
800 0.1683
1000 0.2000
1200 0.1867
1400 0.2200
1600 0.1600
1800 0.2150
2000 0.2483
2200 0.2233
2400 0.2817
2600 0.2767
2800 0.2700
3000 0.2717
3200 0.3000
3400 0.2800
3600 0.3567
3800 0.2683
4000 0.3167
4200 0.3633
4400 0.3050
4600 0.3767
4800 0.3700
5000 0.3550
5200 0.3500
5400 0.3600
5600 0.4167
5800 0.3933
6000 0.4283
6200 0.3600
6400 0.3917
6600 0.4263
6800 0.4550
7000 0.4900
7200 0.4583
7400 0.5058
7600 0.4350
7800 0.3967
8000 0.4958
8200 0.4533
8400 0.4750
8600 0.5275
8800 0.5292
9000 0.4900
9200 0.5783
9400 0.5267
9600 0.4817
9800 0.6208
10000 0.6525
10200 0.5250
10400 0.5300
10600 0.5858
10800 0.5258
11000 0.6208
11200 0.5717
11400 0.5700
11600 0.6233
11800 0.6342
12000 0.7058
12200 0.6892
12400 0.6183
12600 0.6267
12800 0.7008
13000 0.5917
13200 0.7333
13400 0.6008
13600 0.6217
13800 0.6558
14000 0.5093
14200 0.4444
