200 0.5036
400 0.4500
600 0.4607
800 0.5286
1000 0.5679
1200 0.6179
1400 0.5893
1600 0.5286
1800 0.5821
2000 0.6250
2200 0.5929
2400 0.6857
2600 0.6964
2800 0.7429
3000 0.7357
3200 0.6929
3400 0.7321
3600 0.6964
3800 0.7643
4000 0.7679
4200 0.7143
4400 0.8214
4600 0.7607
4800 0.8321
5000 0.7679
5200 0.8250
5400 0.7393
5600 0.8464
5800 0.7893
6000 0.8143
6200 0.7857
6400 0.8071
6600 0.8274
6800 0.7955
7000 0.8328
7200 0.8406
7400 0.8484
7600 0.8203
7800 0.8656
8000 0.8484
8200 0.8484
8400 0.8016
8600 0.8375
8800 0.7922
9000 0.8703
9200 0.8141
9400 0.7984
9600 0.8531
9800 0.8906
10000 0.8438
10200 0.8703
10400 0.8844
10600 0.8562
10800 0.8703
11000 0.8859
11200 0.8625
11400 0.8750
11600 0.8500
11800 0.8875
12000 0.8938
12200 0.7469
12400 0.7922
12600 0.8203
12800 0.8484
13000 0.8875
13200 0.8141
13400 0.8781
13600 0.8953
13800 0.9014
