200 0.4429
400 0.4964
600 0.5036
800 0.5393
1000 0.5321
1200 0.5393
1400 0.5321
1600 0.5929
1800 0.6000
2000 0.6107
2200 0.5821
2400 0.6750
2600 0.6250
2800 0.7286
3000 0.6929
3200 0.6571
3400 0.6929
3600 0.7286
3800 0.7321
4000 0.6679
4200 0.7821
4400 0.7714
4600 0.7607
4800 0.8179
5000 0.8071
5200 0.8464
5400 0.8036
5600 0.8357
5800 0.8607
6000 0.8536
6200 0.8214
6400 0.8786
6600 0.8391
6800 0.8406
7000 0.8547
7200 0.8344
7400 0.8906
7600 0.8391
7800 0.8313
8000 0.8438
8200 0.8516
8400 0.8781
8600 0.8578
8800 0.8641
9000 0.8656
9200 0.8812
9400 0.8938
9600 0.9109
9800 0.8922
10000 0.8703
10200 0.8703
10400 0.8391
10600 0.8562
10800 0.8500
11000 0.8500
11200 0.8734
11400 0.8719
11600 0.8703
11800 0.8891
12000 0.8953
12200 0.8938
12400 0.8875
12600 0.8500
12800 0.8766
13000 0.9047
13200 0.9078
13400 0.8828
13600 0.9094
13800 0.8906
14000 0.8625
14200 0.9044
